# generated by tools/sample_orbit_path.py
# orbit_json: ../tools/benchmark_path_chairs.json
# frames: 2880  span_deg: -360.000  az_start: -84.750
# notes: Orbit inferred from a single calibrated pose by orbit_from_pose.py. look_at source: closest-point-on-ray-to-origin. camera_y / radius come from the anchor pose; axis snapped to +Y.
fov_half_rad: 0.524
ply: data/chairs.ply
v 0.9958049 0.02903389 -0.08677316 0 0 0.9483237 0.3173046 0 0.09150163 -0.3159735 0.9443454 0 -0.0652107 -1.313546 1.483383 1
v 0.9960022 0.02834448 -0.08471271 0 0 0.9483237 0.3173046 0 0.08932891 -0.3160361 0.9445324 0 -0.06611984 -1.313501 1.483247 1
v 0.9961947 0.02765493 -0.08265186 0 0 0.9483237 0.3173046 0 0.08715575 -0.3160972 0.944715 0 -0.06702868 -1.313455 1.48311 1
v 0.9963825 0.02696524 -0.08059062 0 0 0.9483237 0.3173046 0 0.08498219 -0.3161568 0.9448931 0 -0.06793719 -1.313408 1.48297 1
v 0.9965655 0.02627543 -0.07852899 0 0 0.9483237 0.3173046 0 0.08280822 -0.3162149 0.9450666 0 -0.06884538 -1.313361 1.482828 1
v 0.9967438 0.0255855 -0.07646699 0 0 0.9483237 0.3173046 0 0.08063386 -0.3162714 0.9452357 0 -0.06975325 -1.313313 1.482685 1
v 0.9969173 0.02489544 -0.07440463 0 0 0.9483237 0.3173046 0 0.07845911 -0.3163265 0.9454003 0 -0.07066078 -1.313264 1.48254 1
v 0.9970861 0.02420526 -0.07234191 0 0 0.9483237 0.3173046 0 0.07628399 -0.3163801 0.9455604 0 -0.07156797 -1.313215 1.482393 1
v 0.9972502 0.02351497 -0.07027885 0 0 0.9483237 0.3173046 0 0.0741085 -0.3164321 0.9457159 0 -0.07247483 -1.313165 1.482244 1
v 0.9974095 0.02282457 -0.06821545 0 0 0.9483237 0.3173046 0 0.07193267 -0.3164827 0.945867 0 -0.07338134 -1.313115 1.482093 1
v 0.997564 0.02213406 -0.06615173 0 0 0.9483237 0.3173046 0 0.06975649 -0.3165317 0.9460136 0 -0.0742875 -1.313064 1.48194 1
v 0.9977139 0.02144344 -0.06408769 0 0 0.9483237 0.3173046 0 0.06757997 -0.3165792 0.9461557 0 -0.07519331 -1.313012 1.481785 1
v 0.9978589 0.02075272 -0.06202335 0 0 0.9483237 0.3173046 0 0.06540314 -0.3166253 0.9462932 0 -0.07609876 -1.312959 1.481629 1
v 0.9979992 0.0200619 -0.05995871 0 0 0.9483237 0.3173046 0 0.063226 -0.3166698 0.9464263 0 -0.07700384 -1.312906 1.481471 1
v 0.9981348 0.01937099 -0.05789379 0 0 0.9483237 0.3173046 0 0.06104855 -0.3167128 0.9465548 0 -0.07790856 -1.312853 1.48131 1
v 0.9982656 0.01867998 -0.05582859 0 0 0.9483237 0.3173046 0 0.05887082 -0.3167543 0.9466789 0 -0.07881291 -1.312799 1.481148 1
v 0.9983917 0.01798889 -0.05376312 0 0 0.9483237 0.3173046 0 0.0566928 -0.3167943 0.9467984 0 -0.07971689 -1.312744 1.480984 1
v 0.998513 0.01729771 -0.0516974 0 0 0.9483237 0.3173046 0 0.05451451 -0.3168328 0.9469135 0 -0.08062048 -1.312688 1.480818 1
v 0.9986295 0.01660645 -0.04963144 0 0 0.9483237 0.3173046 0 0.05233597 -0.3168698 0.947024 0 -0.08152369 -1.312632 1.480651 1
v 0.9987413 0.0159151 -0.04756523 0 0 0.9483237 0.3173046 0 0.05015717 -0.3169053 0.94713 0 -0.08242652 -1.312575 1.480481 1
v 0.9988484 0.01522369 -0.04549881 0 0 0.9483237 0.3173046 0 0.04797814 -0.3169392 0.9472316 0 -0.08332895 -1.312518 1.48031 1
v 0.9989507 0.0145322 -0.04343216 0 0 0.9483237 0.3173046 0 0.04579888 -0.3169717 0.9473286 0 -0.08423098 -1.31246 1.480136 1
v 0.9990482 0.01384064 -0.04136531 0 0 0.9483237 0.3173046 0 0.0436194 -0.3170026 0.9474211 0 -0.08513261 -1.312401 1.479961 1
v 0.999141 0.01314901 -0.03929826 0 0 0.9483237 0.3173046 0 0.04143971 -0.3170321 0.9475091 0 -0.08603384 -1.312342 1.479784 1
v 0.999229 0.01245733 -0.03723102 0 0 0.9483237 0.3173046 0 0.03925983 -0.31706 0.9475925 0 -0.08693466 -1.312282 1.479605 1
v 0.9993123 0.01176558 -0.03516361 0 0 0.9483237 0.3173046 0 0.03707976 -0.3170864 0.9476715 0 -0.08783507 -1.312222 1.479424 1
v 0.9993908 0.01107378 -0.03309603 0 0 0.9483237 0.3173046 0 0.03489951 -0.3171114 0.947746 0 -0.08873505 -1.312161 1.479242 1
v 0.9994646 0.01038192 -0.03102829 0 0 0.9483237 0.3173046 0 0.03271909 -0.3171348 0.9478159 0 -0.08963462 -1.312099 1.479057 1
v 0.9995336 0.009690016 -0.02896041 0 0 0.9483237 0.3173046 0 0.03053853 -0.3171567 0.9478814 0 -0.09053376 -1.312037 1.478871 1
v 0.9995978 0.008998065 -0.02689238 0 0 0.9483237 0.3173046 0 0.02835781 -0.317177 0.9479423 0 -0.09143246 -1.311974 1.478682 1
v 0.9996573 0.008306071 -0.02482423 0 0 0.9483237 0.3173046 0 0.02617696 -0.3171959 0.9479987 0 -0.09233073 -1.31191 1.478492 1
v 0.9997121 0.007614038 -0.02275596 0 0 0.9483237 0.3173046 0 0.02399599 -0.3172133 0.9480506 0 -0.09322857 -1.311846 1.4783 1
v 0.999762 0.006921968 -0.02068758 0 0 0.9483237 0.3173046 0 0.0218149 -0.3172291 0.948098 0 -0.09412595 -1.311781 1.478107 1
v 0.9998072 0.006229866 -0.01861911 0 0 0.9483237 0.3173046 0 0.0196337 -0.3172435 0.9481409 0 -0.0950229 -1.311715 1.477911 1
v 0.9998477 0.005537733 -0.01655054 0 0 0.9483237 0.3173046 0 0.01745242 -0.3172563 0.9481792 0 -0.09591938 -1.311649 1.477713 1
v 0.9998834 0.004845575 -0.0144819 0 0 0.9483237 0.3173046 0 0.01527105 -0.3172676 0.9482131 0 -0.09681542 -1.311583 1.477514 1
v 0.9999143 0.004153393 -0.01241318 0 0 0.9483237 0.3173046 0 0.01308961 -0.3172775 0.9482424 0 -0.09771099 -1.311515 1.477313 1
v 0.9999405 0.003461192 -0.01034441 0 0 0.9483237 0.3173046 0 0.0109081 -0.3172858 0.9482672 0 -0.09860609 -1.311447 1.47711 1
v 0.9999619 0.002768974 -0.008275591 0 0 0.9483237 0.3173046 0 0.008726547 -0.3172926 0.9482876 0 -0.09950073 -1.311379 1.476905 1
v 0.9999786 0.002076743 -0.006206731 0 0 0.9483237 0.3173046 0 0.00654495 -0.3172978 0.9483033 0 -0.1003949 -1.31131 1.476698 1
v 0.9999905 0.001384502 -0.004137841 0 0 0.9483237 0.3173046 0 0.004363321 -0.3173016 0.9483146 0 -0.1012886 -1.31124 1.476489 1
v 0.9999976 0.0006922546 -0.002068931 0 0 0.9483237 0.3173046 0 0.002181672 -0.3173039 0.9483214 0 -0.1021818 -1.311169 1.476279 1
v 1 3.778234e-09 -1.129195e-08 0 0 0.9483237 0.3173046 0 1.190728e-08 -0.3173046 0.9483237 0 -0.1030745 -1.311098 1.476067 1
v 0.9999976 -0.000692247 0.002068908 0 0 0.9483237 0.3173046 0 -0.002181648 -0.3173039 0.9483214 0 -0.1039667 -1.311027 1.475852 1
v 0.9999905 -0.001384495 0.004137818 0 0 0.9483237 0.3173046 0 -0.004363297 -0.3173016 0.9483146 0 -0.1048585 -1.310954 1.475636 1
v 0.9999786 -0.002076735 0.006206708 0 0 0.9483237 0.3173046 0 -0.006544926 -0.3172978 0.9483033 0 -0.1057497 -1.310881 1.475418 1
v 0.9999619 -0.002768966 0.008275569 0 0 0.9483237 0.3173046 0 -0.008726524 -0.3172926 0.9482876 0 -0.1066404 -1.310808 1.475199 1
v 0.9999405 -0.003461184 0.01034439 0 0 0.9483237 0.3173046 0 -0.01090808 -0.3172858 0.9482672 0 -0.1075306 -1.310734 1.474977 1
v 0.9999143 -0.004153386 0.01241316 0 0 0.9483237 0.3173046 0 -0.01308958 -0.3172775 0.9482424 0 -0.1084203 -1.310659 1.474754 1
v 0.9998834 -0.004845567 0.01448187 0 0 0.9483237 0.3173046 0 -0.01527103 -0.3172676 0.9482131 0 -0.1093095 -1.310584 1.474529 1
v 0.9998477 -0.005537726 0.01655052 0 0 0.9483237 0.3173046 0 -0.01745239 -0.3172563 0.9481792 0 -0.1101982 -1.310508 1.474301 1
v 0.9998072 -0.006229858 0.01861908 0 0 0.9483237 0.3173046 0 -0.01963368 -0.3172435 0.9481409 0 -0.1110864 -1.310431 1.474073 1
v 0.999762 -0.006921961 0.02068756 0 0 0.9483237 0.3173046 0 -0.02181487 -0.3172291 0.948098 0 -0.111974 -1.310354 1.473842 1
v 0.9997121 -0.00761403 0.02275594 0 0 0.9483237 0.3173046 0 -0.02399596 -0.3172133 0.9480506 0 -0.1128611 -1.310276 1.473609 1
v 0.9996573 -0.008306063 0.02482421 0 0 0.9483237 0.3173046 0 -0.02617694 -0.3171959 0.9479987 0 -0.1137476 -1.310198 1.473375 1
v 0.9995978 -0.008998057 0.02689236 0 0 0.9483237 0.3173046 0 -0.02835779 -0.317177 0.9479423 0 -0.1146336 -1.310119 1.473139 1
v 0.9995336 -0.009690008 0.02896038 0 0 0.9483237 0.3173046 0 -0.0305385 -0.3171567 0.9478814 0 -0.1155191 -1.310039 1.4729 1
v 0.9994646 -0.01038191 0.03102827 0 0 0.9483237 0.3173046 0 -0.03271907 -0.3171348 0.9478159 0 -0.116404 -1.309959 1.472661 1
v 0.9993908 -0.01107377 0.03309601 0 0 0.9483237 0.3173046 0 -0.03489948 -0.3171114 0.947746 0 -0.1172884 -1.309878 1.472419 1
v 0.9993123 -0.01176557 0.03516359 0 0 0.9483237 0.3173046 0 -0.03707973 -0.3170864 0.9476715 0 -0.1181722 -1.309796 1.472175 1
v 0.999229 -0.01245732 0.037231 0 0 0.9483237 0.3173046 0 -0.0392598 -0.31706 0.9475925 0 -0.1190554 -1.309714 1.47193 1
v 0.999141 -0.01314901 0.03929824 0 0 0.9483237 0.3173046 0 -0.04143969 -0.3170321 0.9475091 0 -0.1199381 -1.309631 1.471683 1
v 0.9990482 -0.01384063 0.04136529 0 0 0.9483237 0.3173046 0 -0.04361938 -0.3170026 0.9474211 0 -0.1208202 -1.309548 1.471434 1
v 0.9989507 -0.01453219 0.04343214 0 0 0.9483237 0.3173046 0 -0.04579886 -0.3169717 0.9473286 0 -0.1217017 -1.309464 1.471183 1
v 0.9988484 -0.01522368 0.04549878 0 0 0.9483237 0.3173046 0 -0.04797812 -0.3169392 0.9472316 0 -0.1225826 -1.30938 1.47093 1
v 0.9987413 -0.0159151 0.04756521 0 0 0.9483237 0.3173046 0 -0.05015715 -0.3169053 0.94713 0 -0.123463 -1.309294 1.470675 1
v 0.9986295 -0.01660644 0.04963141 0 0 0.9483237 0.3173046 0 -0.05233594 -0.3168698 0.947024 0 -0.1243428 -1.309209 1.470419 1
v 0.998513 -0.0172977 0.05169738 0 0 0.9483237 0.3173046 0 -0.05451449 -0.3168328 0.9469135 0 -0.125222 -1.309122 1.470161 1
v 0.9983917 -0.01798888 0.0537631 0 0 0.9483237 0.3173046 0 -0.05669278 -0.3167943 0.9467984 0 -0.1261005 -1.309035 1.469901 1
v 0.9982656 -0.01867998 0.05582856 0 0 0.9483237 0.3173046 0 -0.05887079 -0.3167543 0.9466789 0 -0.1269785 -1.308948 1.469639 1
v 0.9981348 -0.01937098 0.05789376 0 0 0.9483237 0.3173046 0 -0.06104853 -0.3167128 0.9465548 0 -0.1278559 -1.30886 1.469376 1
v 0.9979992 -0.02006189 0.05995869 0 0 0.9483237 0.3173046 0 -0.06322597 -0.3166698 0.9464263 0 -0.1287327 -1.308771 1.46911 1
v 0.9978589 -0.02075271 0.06202332 0 0 0.9483237 0.3173046 0 -0.06540312 -0.3166253 0.9462932 0 -0.1296089 -1.308681 1.468843 1
v 0.9977139 -0.02144343 0.06408767 0 0 0.9483237 0.3173046 0 -0.06757995 -0.3165792 0.9461557 0 -0.1304844 -1.308591 1.468574 1
v 0.9975641 -0.02213405 0.0661517 0 0 0.9483237 0.3173046 0 -0.06975646 -0.3165317 0.9460136 0 -0.1313593 -1.308501 1.468303 1
v 0.9974095 -0.02282456 0.06821543 0 0 0.9483237 0.3173046 0 -0.07193264 -0.3164827 0.945867 0 -0.1322336 -1.308409 1.46803 1
v 0.9972502 -0.02351496 0.07027882 0 0 0.9483237 0.3173046 0 -0.07410848 -0.3164321 0.9457159 0 -0.1331073 -1.308318 1.467756 1
v 0.9970861 -0.02420526 0.07234189 0 0 0.9483237 0.3173046 0 -0.07628396 -0.3163801 0.9455604 0 -0.1339803 -1.308225 1.467479 1
v 0.9969173 -0.02489543 0.07440461 0 0 0.9483237 0.3173046 0 -0.07845908 -0.3163265 0.9454003 0 -0.1348527 -1.308132 1.467201 1
v 0.9967438 -0.02558549 0.07646697 0 0 0.9483237 0.3173046 0 -0.08063383 -0.3162714 0.9452357 0 -0.1357245 -1.308038 1.466921 1
v 0.9965655 -0.02627543 0.07852897 0 0 0.9483237 0.3173046 0 -0.0828082 -0.3162149 0.9450666 0 -0.1365956 -1.307944 1.46664 1
v 0.9963825 -0.02696524 0.0805906 0 0 0.9483237 0.3173046 0 -0.08498217 -0.3161568 0.9448931 0 -0.137466 -1.307849 1.466356 1
v 0.9961947 -0.02765492 0.08265184 0 0 0.9483237 0.3173046 0 -0.08715573 -0.3160972 0.944715 0 -0.1383359 -1.307754 1.466071 1
v 0.9960022 -0.02834447 0.08471269 0 0 0.9483237 0.3173046 0 -0.08932888 -0.3160361 0.9445324 0 -0.139205 -1.307658 1.465784 1
v 0.9958049 -0.02903388 0.08677314 0 0 0.9483237 0.3173046 0 -0.09150161 -0.3159735 0.9443454 0 -0.1400735 -1.307561 1.465495 1
v 0.9956029 -0.02972316 0.08883317 0 0 0.9483237 0.3173046 0 -0.0936739 -0.3159094 0.9441538 0 -0.1409413 -1.307464 1.465204 1
v 0.9953962 -0.0304123 0.09089278 0 0 0.9483237 0.3173046 0 -0.09584574 -0.3158438 0.9439578 0 -0.1418085 -1.307366 1.464912 1
v 0.9951847 -0.03110129 0.09295196 0 0 0.9483237 0.3173046 0 -0.09801713 -0.3157767 0.9437572 0 -0.1426749 -1.307268 1.464617 1
v 0.9949685 -0.03179013 0.0950107 0 0 0.9483237 0.3173046 0 -0.100188 -0.3157081 0.9435522 0 -0.1435407 -1.307168 1.464321 1
v 0.9947476 -0.03247883 0.09706898 0 0 0.9483237 0.3173046 0 -0.1023585 -0.315638 0.9433427 0 -0.1444058 -1.307069 1.464024 1
v 0.9945219 -0.03316736 0.0991268 0 0 0.9483237 0.3173046 0 -0.1045285 -0.3155664 0.9431286 0 -0.1452702 -1.306969 1.463724 1
v 0.9942915 -0.03385574 0.1011842 0 0 0.9483237 0.3173046 0 -0.1066979 -0.3154933 0.9429101 0 -0.146134 -1.306868 1.463422 1
v 0.9940563 -0.03454396 0.103241 0 0 0.9483237 0.3173046 0 -0.1088669 -0.3154187 0.9426871 0 -0.146997 -1.306766 1.463119 1
v 0.9938165 -0.03523202 0.1052974 0 0 0.9483237 0.3173046 0 -0.1110353 -0.3153426 0.9424597 0 -0.1478593 -1.306664 1.462814 1
v 0.9935719 -0.0359199 0.1073533 0 0 0.9483237 0.3173046 0 -0.1132032 -0.315265 0.9422277 0 -0.148721 -1.306561 1.462507 1
v 0.9933225 -0.03660762 0.1094086 0 0 0.9483237 0.3173046 0 -0.1153706 -0.3151858 0.9419912 0 -0.1495819 -1.306458 1.462199 1
v 0.9930685 -0.03729516 0.1114635 0 0 0.9483237 0.3173046 0 -0.1175374 -0.3151052 0.9417503 0 -0.1504421 -1.306354 1.461888 1
v 0.9928097 -0.03798252 0.1135178 0 0 0.9483237 0.3173046 0 -0.1197036 -0.3150231 0.9415049 0 -0.1513016 -1.30625 1.461576 1
v 0.9925462 -0.0386697 0.1155716 0 0 0.9483237 0.3173046 0 -0.1218693 -0.3149395 0.941255 0 -0.1521604 -1.306145 1.461262 1
v 0.9922779 -0.0393567 0.1176248 0 0 0.9483237 0.3173046 0 -0.1240344 -0.3148544 0.9410006 0 -0.1530184 -1.306039 1.460947 1
v 0.992005 -0.04004352 0.1196775 0 0 0.9483237 0.3173046 0 -0.126199 -0.3147678 0.9407418 0 -0.1538758 -1.305933 1.460629 1
v 0.9917273 -0.04073014 0.1217296 0 0 0.9483237 0.3173046 0 -0.1283629 -0.3146797 0.9404784 0 -0.1547324 -1.305826 1.46031 1
v 0.9914449 -0.04141656 0.1237811 0 0 0.9483237 0.3173046 0 -0.1305262 -0.3145901 0.9402106 0 -0.1555882 -1.305719 1.459989 1
v 0.9911577 -0.04210279 0.125832 0 0 0.9483237 0.3173046 0 -0.1326889 -0.314499 0.9399383 0 -0.1564433 -1.305611 1.459666 1
v 0.9908659 -0.04278882 0.1278823 0 0 0.9483237 0.3173046 0 -0.1348509 -0.3144064 0.9396616 0 -0.1572977 -1.305502 1.459342 1
v 0.9905693 -0.04347465 0.129932 0 0 0.9483237 0.3173046 0 -0.1370123 -0.3143123 0.9393803 0 -0.1581513 -1.305393 1.459015 1
v 0.9902681 -0.04416027 0.1319811 0 0 0.9483237 0.3173046 0 -0.1391731 -0.3142167 0.9390946 0 -0.1590042 -1.305283 1.458687 1
v 0.9899621 -0.04484568 0.1340296 0 0 0.9483237 0.3173046 0 -0.1413332 -0.3141196 0.9388045 0 -0.1598563 -1.305173 1.458357 1
v 0.9896514 -0.04553087 0.1360774 0 0 0.9483237 0.3173046 0 -0.1434926 -0.314021 0.9385098 0 -0.1607076 -1.305062 1.458026 1
v 0.989336 -0.04621585 0.1381246 0 0 0.9483237 0.3173046 0 -0.1456514 -0.3139209 0.9382107 0 -0.1615582 -1.30495 1.457692 1
v 0.9890159 -0.04690061 0.1401712 0 0 0.9483237 0.3173046 0 -0.1478094 -0.3138193 0.9379071 0 -0.162408 -1.304838 1.457357 1
v 0.988691 -0.04758514 0.142217 0 0 0.9483237 0.3173046 0 -0.1499667 -0.3137163 0.9375991 0 -0.1632571 -1.304726 1.45702 1
v 0.9883615 -0.04826945 0.1442622 0 0 0.9483237 0.3173046 0 -0.1521234 -0.3136117 0.9372866 0 -0.1641054 -1.304612 1.456682 1
v 0.9880273 -0.04895353 0.1463067 0 0 0.9483237 0.3173046 0 -0.1542793 -0.3135056 0.9369696 0 -0.1649528 -1.304498 1.456341 1
v 0.9876883 -0.04963738 0.1483505 0 0 0.9483237 0.3173046 0 -0.1564345 -0.3133981 0.9366482 0 -0.1657995 -1.304384 1.455999 1
v 0.9873447 -0.05032099 0.1503936 0 0 0.9483237 0.3173046 0 -0.1585889 -0.3132891 0.9363223 0 -0.1666455 -1.304269 1.455655 1
v 0.9869964 -0.05100436 0.152436 0 0 0.9483237 0.3173046 0 -0.1607426 -0.3131785 0.935992 0 -0.1674906 -1.304153 1.45531 1
v 0.9866433 -0.05168749 0.1544776 0 0 0.9483237 0.3173046 0 -0.1628955 -0.3130665 0.9356572 0 -0.1683349 -1.304037 1.454962 1
v 0.9862856 -0.05237037 0.1565185 0 0 0.9483237 0.3173046 0 -0.1650476 -0.312953 0.935318 0 -0.1691784 -1.30392 1.454613 1
v 0.9859232 -0.053053 0.1585587 0 0 0.9483237 0.3173046 0 -0.1671989 -0.312838 0.9349743 0 -0.1700211 -1.303803 1.454262 1
v 0.9855561 -0.05373538 0.1605981 0 0 0.9483237 0.3173046 0 -0.1693495 -0.3127215 0.9346261 0 -0.170863 -1.303685 1.45391 1
v 0.9851843 -0.0544175 0.1626368 0 0 0.9483237 0.3173046 0 -0.1714992 -0.3126035 0.9342735 0 -0.1717041 -1.303566 1.453555 1
v 0.9848078 -0.05509937 0.1646747 0 0 0.9483237 0.3173046 0 -0.1736482 -0.3124841 0.9339165 0 -0.1725444 -1.303447 1.453199 1
v 0.9844266 -0.05578097 0.1667118 0 0 0.9483237 0.3173046 0 -0.1757963 -0.3123631 0.933555 0 -0.1733838 -1.303327 1.452841 1
v 0.9840407 -0.05646231 0.1687481 0 0 0.9483237 0.3173046 0 -0.1779435 -0.3122407 0.9331891 0 -0.1742225 -1.303207 1.452482 1
v 0.9836501 -0.05714338 0.1707836 0 0 0.9483237 0.3173046 0 -0.18009 -0.3121168 0.9328187 0 -0.1750603 -1.303086 1.45212 1
v 0.9832549 -0.05782417 0.1728182 0 0 0.9483237 0.3173046 0 -0.1822355 -0.3119913 0.9324439 0 -0.1758972 -1.302965 1.451757 1
v 0.982855 -0.0585047 0.1748521 0 0 0.9483237 0.3173046 0 -0.1843802 -0.3118645 0.9320646 0 -0.1767334 -1.302842 1.451392 1
v 0.9824504 -0.05918494 0.1768851 0 0 0.9483237 0.3173046 0 -0.186524 -0.3117361 0.931681 0 -0.1775687 -1.30272 1.451026 1
v 0.9820411 -0.0598649 0.1789173 0 0 0.9483237 0.3173046 0 -0.188667 -0.3116062 0.9312928 0 -0.1784031 -1.302597 1.450658 1
v 0.9816272 -0.06054458 0.1809487 0 0 0.9483237 0.3173046 0 -0.190809 -0.3114749 0.9309003 0 -0.1792367 -1.302473 1.450288 1
v 0.9812086 -0.06122396 0.1829792 0 0 0.9483237 0.3173046 0 -0.1929501 -0.311342 0.9305033 0 -0.1800694 -1.302348 1.449916 1
v 0.9807853 -0.06190306 0.1850088 0 0 0.9483237 0.3173046 0 -0.1950903 -0.3112077 0.9301019 0 -0.1809013 -1.302224 1.449543 1
v 0.9803573 -0.06258186 0.1870375 0 0 0.9483237 0.3173046 0 -0.1972296 -0.3110719 0.929696 0 -0.1817323 -1.302098 1.449168 1
v 0.9799247 -0.06326037 0.1890653 0 0 0.9483237 0.3173046 0 -0.1993679 -0.3109347 0.9292858 0 -0.1825625 -1.301972 1.448791 1
v 0.9794874 -0.06393857 0.1910923 0 0 0.9483237 0.3173046 0 -0.2015053 -0.3107959 0.9288711 0 -0.1833918 -1.301845 1.448412 1
v 0.9790455 -0.06461647 0.1931183 0 0 0.9483237 0.3173046 0 -0.2036417 -0.3106557 0.928452 0 -0.1842202 -1.301718 1.448032 1
v 0.9785989 -0.06529406 0.1951434 0 0 0.9483237 0.3173046 0 -0.2057772 -0.310514 0.9280285 0 -0.1850477 -1.30159 1.44765 1
v 0.9781476 -0.06597134 0.1971676 0 0 0.9483237 0.3173046 0 -0.2079117 -0.3103708 0.9276005 0 -0.1858744 -1.301462 1.447266 1
v 0.9776917 -0.06664831 0.1991908 0 0 0.9483237 0.3173046 0 -0.2100452 -0.3102261 0.9271682 0 -0.1867002 -1.301333 1.446881 1
v 0.9772311 -0.06732496 0.2012131 0 0 0.9483237 0.3173046 0 -0.2121777 -0.31008 0.9267314 0 -0.187525 -1.301203 1.446494 1
v 0.9767659 -0.06800129 0.2032344 0 0 0.9483237 0.3173046 0 -0.2143091 -0.3099324 0.9262902 0 -0.188349 -1.301073 1.446105 1
v 0.976296 -0.06867729 0.2052548 0 0 0.9483237 0.3173046 0 -0.2164396 -0.3097833 0.9258446 0 -0.1891721 -1.300943 1.445714 1
v 0.9758215 -0.06935297 0.2072742 0 0 0.9483237 0.3173046 0 -0.218569 -0.3096327 0.9253946 0 -0.1899943 -1.300811 1.445322 1
v 0.9753423 -0.07002832 0.2092926 0 0 0.9483237 0.3173046 0 -0.2206974 -0.3094806 0.9249402 0 -0.1908156 -1.30068 1.444928 1
v 0.9748585 -0.07070333 0.21131 0 0 0.9483237 0.3173046 0 -0.2228248 -0.3093271 0.9244814 0 -0.191636 -1.300547 1.444532 1
v 0.9743701 -0.07137801 0.2133264 0 0 0.9483237 0.3173046 0 -0.224951 -0.3091721 0.9240182 0 -0.1924555 -1.300414 1.444135 1
v 0.973877 -0.07205235 0.2153418 0 0 0.9483237 0.3173046 0 -0.2270763 -0.3090157 0.9235506 0 -0.193274 -1.300281 1.443736 1
v 0.9733793 -0.07272634 0.2173561 0 0 0.9483237 0.3173046 0 -0.2292004 -0.3088578 0.9230786 0 -0.1940917 -1.300147 1.443335 1
v 0.9728769 -0.07339999 0.2193695 0 0 0.9483237 0.3173046 0 -0.2313234 -0.3086984 0.9226022 0 -0.1949084 -1.300012 1.442933 1
v 0.9723699 -0.07407329 0.2213818 0 0 0.9483237 0.3173046 0 -0.2334454 -0.3085375 0.9221214 0 -0.1957241 -1.299877 1.442529 1
v 0.9718583 -0.07474624 0.223393 0 0 0.9483237 0.3173046 0 -0.2355662 -0.3083752 0.9216362 0 -0.196539 -1.299741 1.442123 1
v 0.9713421 -0.07541883 0.2254031 0 0 0.9483237 0.3173046 0 -0.2376859 -0.3082114 0.9211467 0 -0.1973529 -1.299605 1.441716 1
v 0.9708212 -0.07609107 0.2274122 0 0 0.9483237 0.3173046 0 -0.2398045 -0.3080461 0.9206527 0 -0.1981659 -1.299468 1.441306 1
v 0.9702957 -0.07676294 0.2294202 0 0 0.9483237 0.3173046 0 -0.2419219 -0.3078793 0.9201544 0 -0.1989779 -1.29933 1.440896 1
v 0.9697656 -0.07743444 0.2314272 0 0 0.9483237 0.3173046 0 -0.2440382 -0.3077111 0.9196517 0 -0.199789 -1.299192 1.440483 1
v 0.9692309 -0.07810558 0.233433 0 0 0.9483237 0.3173046 0 -0.2461533 -0.3075415 0.9191446 0 -0.2005991 -1.299054 1.440069 1
v 0.9686916 -0.07877634 0.2354377 0 0 0.9483237 0.3173046 0 -0.2482672 -0.3073703 0.9186331 0 -0.2014083 -1.298915 1.439653 1
v 0.9681476 -0.07944673 0.2374413 0 0 0.9483237 0.3173046 0 -0.25038 -0.3071977 0.9181173 0 -0.2022165 -1.298775 1.439236 1
v 0.9675991 -0.08011675 0.2394437 0 0 0.9483237 0.3173046 0 -0.2524916 -0.3070237 0.9175971 0 -0.2030238 -1.298635 1.438816 1
v 0.9670459 -0.08078638 0.241445 0 0 0.9483237 0.3173046 0 -0.2546019 -0.3068482 0.9170725 0 -0.2038301 -1.298494 1.438395 1
v 0.9664882 -0.08145562 0.2434452 0 0 0.9483237 0.3173046 0 -0.2567111 -0.3066712 0.9165436 0 -0.2046354 -1.298352 1.437973 1
v 0.9659258 -0.08212448 0.2454442 0 0 0.9483237 0.3173046 0 -0.258819 -0.3064928 0.9160103 0 -0.2054398 -1.29821 1.437549 1
v 0.9653589 -0.08279295 0.2474421 0 0 0.9483237 0.3173046 0 -0.2609257 -0.3063129 0.9154727 0 -0.2062431 -1.298068 1.437123 1
v 0.9647873 -0.08346102 0.2494387 0 0 0.9483237 0.3173046 0 -0.2630312 -0.3061315 0.9149306 0 -0.2070455 -1.297925 1.436695 1
v 0.9642112 -0.0841287 0.2514342 0 0 0.9483237 0.3173046 0 -0.2651354 -0.3059487 0.9143843 0 -0.2078469 -1.297781 1.436266 1
v 0.9636305 -0.08479597 0.2534285 0 0 0.9483237 0.3173046 0 -0.2672384 -0.3057644 0.9138336 0 -0.2086473 -1.297637 1.435835 1
v 0.9630451 -0.08546285 0.2554215 0 0 0.9483237 0.3173046 0 -0.26934 -0.3055787 0.9132785 0 -0.2094468 -1.297492 1.435403 1
v 0.9624552 -0.08612931 0.2574134 0 0 0.9483237 0.3173046 0 -0.2714404 -0.3053915 0.9127191 0 -0.2102452 -1.297347 1.434969 1
v 0.9618608 -0.08679537 0.259404 0 0 0.9483237 0.3173046 0 -0.2735395 -0.3052029 0.9121553 0 -0.2110426 -1.297201 1.434533 1
v 0.9612617 -0.08746101 0.2613934 0 0 0.9483237 0.3173046 0 -0.2756373 -0.3050128 0.9115872 0 -0.211839 -1.297055 1.434095 1
v 0.9606581 -0.08812624 0.2633816 0 0 0.9483237 0.3173046 0 -0.2777338 -0.3048213 0.9110148 0 -0.2126344 -1.296908 1.433656 1
v 0.9600499 -0.08879104 0.2653685 0 0 0.9483237 0.3173046 0 -0.279829 -0.3046283 0.910438 0 -0.2134288 -1.296761 1.433216 1
v 0.9594371 -0.08945543 0.2673541 0 0 0.9483237 0.3173046 0 -0.2819228 -0.3044338 0.9098569 0 -0.2142222 -1.296613 1.432773 1
v 0.9588197 -0.09011938 0.2693385 0 0 0.9483237 0.3173046 0 -0.2840153 -0.304238 0.9092714 0 -0.2150146 -1.296464 1.432329 1
v 0.9581978 -0.09078291 0.2713215 0 0 0.9483237 0.3173046 0 -0.2861065 -0.3040406 0.9086817 0 -0.2158059 -1.296315 1.431883 1
v 0.9575714 -0.09144601 0.2733033 0 0 0.9483237 0.3173046 0 -0.2881963 -0.3038418 0.9080876 0 -0.2165962 -1.296165 1.431436 1
v 0.9569403 -0.09210867 0.2752838 0 0 0.9483237 0.3173046 0 -0.2902847 -0.3036416 0.9074892 0 -0.2173855 -1.296015 1.430987 1
v 0.9563048 -0.0927709 0.277263 0 0 0.9483237 0.3173046 0 -0.2923717 -0.3034399 0.9068864 0 -0.2181738 -1.295864 1.430537 1
v 0.9556646 -0.09343268 0.2792409 0 0 0.9483237 0.3173046 0 -0.2944573 -0.3032368 0.9062794 0 -0.218961 -1.295713 1.430084 1
v 0.9550199 -0.09409402 0.2812174 0 0 0.9483237 0.3173046 0 -0.2965416 -0.3030323 0.905668 0 -0.2197471 -1.295561 1.429631 1
v 0.9543707 -0.0947549 0.2831926 0 0 0.9483237 0.3173046 0 -0.2986244 -0.3028263 0.9050523 0 -0.2205323 -1.295409 1.429175 1
v 0.953717 -0.09541534 0.2851664 0 0 0.9483237 0.3173046 0 -0.3007058 -0.3026188 0.9044324 0 -0.2213163 -1.295256 1.428718 1
v 0.9530586 -0.09607533 0.2871389 0 0 0.9483237 0.3173046 0 -0.3027858 -0.3024099 0.9038081 0 -0.2220994 -1.295102 1.428259 1
v 0.9523958 -0.09673485 0.28911 0 0 0.9483237 0.3173046 0 -0.3048643 -0.3021996 0.9031795 0 -0.2228813 -1.294948 1.427799 1
v 0.9517284 -0.09739392 0.2910798 0 0 0.9483237 0.3173046 0 -0.3069414 -0.3019878 0.9025466 0 -0.2236622 -1.294794 1.427337 1
v 0.9510565 -0.09805252 0.2930481 0 0 0.9483237 0.3173046 0 -0.309017 -0.3017747 0.9019094 0 -0.224442 -1.294639 1.426874 1
v 0.9503801 -0.09871066 0.2950151 0 0 0.9483237 0.3173046 0 -0.3110911 -0.30156 0.9012679 0 -0.2252208 -1.294483 1.426408 1
v 0.9496991 -0.09936833 0.2969806 0 0 0.9483237 0.3173046 0 -0.3131638 -0.3013439 0.9006222 0 -0.2259985 -1.294327 1.425942 1
v 0.9490137 -0.1000255 0.2989448 0 0 0.9483237 0.3173046 0 -0.315235 -0.3011264 0.8999721 0 -0.2267751 -1.29417 1.425473 1
v 0.9483237 -0.1006822 0.3009075 0 0 0.9483237 0.3173046 0 -0.3173046 -0.3009075 0.8993178 0 -0.2275507 -1.294013 1.425003 1
v 0.9476292 -0.1013385 0.3028688 0 0 0.9483237 0.3173046 0 -0.3193728 -0.3006871 0.8986591 0 -0.2283251 -1.293855 1.424532 1
v 0.9469301 -0.1019942 0.3048286 0 0 0.9483237 0.3173046 0 -0.3214395 -0.3004653 0.8979962 0 -0.2290985 -1.293697 1.424059 1
v 0.9462266 -0.1026495 0.306787 0 0 0.9483237 0.3173046 0 -0.3235046 -0.3002421 0.8973291 0 -0.2298708 -1.293538 1.423584 1
v 0.9455186 -0.1033043 0.308744 0 0 0.9483237 0.3173046 0 -0.3255681 -0.3000174 0.8966576 0 -0.230642 -1.293378 1.423107 1
v 0.9448061 -0.1039586 0.3106994 0 0 0.9483237 0.3173046 0 -0.3276302 -0.2997913 0.8959819 0 -0.231412 -1.293218 1.422629 1
v 0.944089 -0.1046124 0.3126534 0 0 0.9483237 0.3173046 0 -0.3296906 -0.2995638 0.895302 0 -0.232181 -1.293058 1.42215 1
v 0.9433675 -0.1052657 0.3146059 0 0 0.9483237 0.3173046 0 -0.3317495 -0.2993349 0.8946177 0 -0.2329489 -1.292897 1.421669 1
v 0.9426415 -0.1059185 0.3165569 0 0 0.9483237 0.3173046 0 -0.3338068 -0.2991045 0.8939292 0 -0.2337157 -1.292736 1.421186 1
v 0.941911 -0.1065708 0.3185064 0 0 0.9483237 0.3173046 0 -0.3358626 -0.2988727 0.8932365 0 -0.2344813 -1.292573 1.420702 1
v 0.941176 -0.1072225 0.3204544 0 0 0.9483237 0.3173046 0 -0.3379167 -0.2986395 0.8925395 0 -0.2352459 -1.292411 1.420216 1
v 0.9404366 -0.1078738 0.3224009 0 0 0.9483237 0.3173046 0 -0.3399692 -0.2984049 0.8918382 0 -0.2360093 -1.292248 1.419728 1
v 0.9396926 -0.1085246 0.3243458 0 0 0.9483237 0.3173046 0 -0.3420201 -0.2981688 0.8911327 0 -0.2367716 -1.292084 1.419239 1
v 0.9389442 -0.1091748 0.3262892 0 0 0.9483237 0.3173046 0 -0.3440694 -0.2979314 0.890423 0 -0.2375328 -1.29192 1.418748 1
v 0.9381913 -0.1098245 0.328231 0 0 0.9483237 0.3173046 0 -0.346117 -0.2976925 0.889709 0 -0.2382928 -1.291755 1.418256 1
v 0.937434 -0.1104737 0.3301712 0 0 0.9483237 0.3173046 0 -0.348163 -0.2974522 0.8889908 0 -0.2390517 -1.29159 1.417762 1
v 0.9366722 -0.1111224 0.3321099 0 0 0.9483237 0.3173046 0 -0.3502074 -0.2972104 0.8882684 0 -0.2398095 -1.291424 1.417267 1
v 0.9359059 -0.1117706 0.334047 0 0 0.9483237 0.3173046 0 -0.35225 -0.2969673 0.8875417 0 -0.2405661 -1.291258 1.41677 1
v 0.9351352 -0.1124182 0.3359826 0 0 0.9483237 0.3173046 0 -0.354291 -0.2967227 0.8868108 0 -0.2413216 -1.291091 1.416272 1
v 0.93436 -0.1130653 0.3379165 0 0 0.9483237 0.3173046 0 -0.3563303 -0.2964768 0.8860757 0 -0.242076 -1.290924 1.415772 1
v 0.9335804 -0.1137118 0.3398488 0 0 0.9483237 0.3173046 0 -0.3583679 -0.2962294 0.8853364 0 -0.2428292 -1.290756 1.41527 1
v 0.9327964 -0.1143578 0.3417795 0 0 0.9483237 0.3173046 0 -0.3604038 -0.2959806 0.8845929 0 -0.2435812 -1.290588 1.414767 1
v 0.9320079 -0.1150033 0.3437086 0 0 0.9483237 0.3173046 0 -0.362438 -0.2957304 0.8838451 0 -0.244332 -1.290419 1.414262 1
v 0.9312149 -0.1156482 0.345636 0 0 0.9483237 0.3173046 0 -0.3644705 -0.2954788 0.8830932 0 -0.2450818 -1.290249 1.413756 1
v 0.9304176 -0.1162925 0.3475618 0 0 0.9483237 0.3173046 0 -0.3665012 -0.2952258 0.882337 0 -0.2458303 -1.29008 1.413248 1
v 0.9296158 -0.1169363 0.3494859 0 0 0.9483237 0.3173046 0 -0.3685302 -0.2949714 0.8815766 0 -0.2465777 -1.289909 1.412739 1
v 0.9288096 -0.1175796 0.3514084 0 0 0.9483237 0.3173046 0 -0.3705574 -0.2947156 0.8808121 0 -0.2473239 -1.289738 1.412228 1
v 0.9279989 -0.1182223 0.3533292 0 0 0.9483237 0.3173046 0 -0.3725829 -0.2944584 0.8800433 0 -0.2480689 -1.289567 1.411715 1
v 0.9271839 -0.1188644 0.3552483 0 0 0.9483237 0.3173046 0 -0.3746066 -0.2941997 0.8792704 0 -0.2488127 -1.289395 1.411201 1
v 0.9263644 -0.119506 0.3571657 0 0 0.9483237 0.3173046 0 -0.3766285 -0.2939397 0.8784933 0 -0.2495554 -1.289222 1.410686 1
v 0.9255405 -0.120147 0.3590814 0 0 0.9483237 0.3173046 0 -0.3786486 -0.2936783 0.877712 0 -0.2502968 -1.289049 1.410169 1
v 0.9247122 -0.1207874 0.3609954 0 0 0.9483237 0.3173046 0 -0.3806669 -0.2934155 0.8769265 0 -0.2510371 -1.288876 1.40965 1
v 0.9238795 -0.1214272 0.3629077 0 0 0.9483237 0.3173046 0 -0.3826834 -0.2931513 0.8761368 0 -0.2517762 -1.288702 1.40913 1
v 0.9230425 -0.1220665 0.3648183 0 0 0.9483237 0.3173046 0 -0.3846981 -0.2928857 0.875343 0 -0.2525141 -1.288527 1.408608 1
v 0.922201 -0.1227052 0.3667271 0 0 0.9483237 0.3173046 0 -0.386711 -0.2926187 0.874545 0 -0.2532508 -1.288352 1.408085 1
v 0.9213551 -0.1233433 0.3686342 0 0 0.9483237 0.3173046 0 -0.388722 -0.2923503 0.8737428 0 -0.2539862 -1.288176 1.40756 1
v 0.9205049 -0.1239808 0.3705396 0 0 0.9483237 0.3173046 0 -0.3907311 -0.2920805 0.8729365 0 -0.2547205 -1.288 1.407034 1
v 0.9196502 -0.1246177 0.3724431 0 0 0.9483237 0.3173046 0 -0.3927384 -0.2918093 0.8721261 0 -0.2554535 -1.287824 1.406506 1
v 0.9187912 -0.1252541 0.3743449 0 0 0.9483237 0.3173046 0 -0.3947438 -0.2915367 0.8713114 0 -0.2561854 -1.287647 1.405977 1
v 0.9179278 -0.1258898 0.3762449 0 0 0.9483237 0.3173046 0 -0.3967474 -0.2912628 0.8704927 0 -0.256916 -1.287469 1.405446 1
v 0.9170601 -0.1265249 0.3781432 0 0 0.9483237 0.3173046 0 -0.3987491 -0.2909874 0.8696698 0 -0.2576454 -1.287291 1.404914 1
v 0.916188 -0.1271595 0.3800396 0 0 0.9483237 0.3173046 0 -0.4007488 -0.2907107 0.8688427 0 -0.2583736 -1.287112 1.40438 1
v 0.9153115 -0.1277934 0.3819342 0 0 0.9483237 0.3173046 0 -0.4027467 -0.2904326 0.8680115 0 -0.2591005 -1.286933 1.403845 1
v 0.9144306 -0.1284267 0.383827 0 0 0.9483237 0.3173046 0 -0.4047426 -0.2901531 0.8671762 0 -0.2598262 -1.286754 1.403308 1
v 0.9135455 -0.1290594 0.385718 0 0 0.9483237 0.3173046 0 -0.4067366 -0.2898722 0.8663368 0 -0.2605507 -1.286574 1.40277 1
v 0.9126559 -0.1296915 0.3876071 0 0 0.9483237 0.3173046 0 -0.4087287 -0.28959 0.8654932 0 -0.2612739 -1.286393 1.40223 1
v 0.911762 -0.130323 0.3894944 0 0 0.9483237 0.3173046 0 -0.4107188 -0.2893063 0.8646455 0 -0.2619959 -1.286212 1.401689 1
v 0.9108638 -0.1309539 0.3913798 0 0 0.9483237 0.3173046 0 -0.412707 -0.2890213 0.8637937 0 -0.2627166 -1.28603 1.401146 1
v 0.9099613 -0.1315841 0.3932634 0 0 0.9483237 0.3173046 0 -0.4146932 -0.2887349 0.8629378 0 -0.2634361 -1.285848 1.400602 1
v 0.9090544 -0.1322137 0.3951451 0 0 0.9483237 0.3173046 0 -0.4166775 -0.2884472 0.8620778 0 -0.2641543 -1.285665 1.400056 1
v 0.9081432 -0.1328427 0.3970249 0 0 0.9483237 0.3173046 0 -0.4186597 -0.288158 0.8612137 0 -0.2648713 -1.285482 1.399508 1
v 0.9072276 -0.133471 0.3989029 0 0 0.9483237 0.3173046 0 -0.42064 -0.2878675 0.8603454 0 -0.265587 -1.285299 1.39896 1
v 0.9063078 -0.1340987 0.4007789 0 0 0.9483237 0.3173046 0 -0.4226183 -0.2875757 0.8594731 0 -0.2663015 -1.285115 1.39841 1
v 0.9053836 -0.1347258 0.402653 0 0 0.9483237 0.3173046 0 -0.4245945 -0.2872824 0.8585967 0 -0.2670147 -1.28493 1.397858 1
v 0.9044552 -0.1353522 0.4045252 0 0 0.9483237 0.3173046 0 -0.4265687 -0.2869878 0.8577162 0 -0.2677266 -1.284745 1.397305 1
v 0.9035224 -0.135978 0.4063955 0 0 0.9483237 0.3173046 0 -0.4285409 -0.2866918 0.8568316 0 -0.2684372 -1.284559 1.39675 1
v 0.9025853 -0.1366032 0.4082638 0 0 0.9483237 0.3173046 0 -0.4305111 -0.2863945 0.855943 0 -0.2691466 -1.284373 1.396194 1
v 0.9016439 -0.1372277 0.4101303 0 0 0.9483237 0.3173046 0 -0.4324792 -0.2860958 0.8550503 0 -0.2698547 -1.284187 1.395636 1
v 0.9006982 -0.1378515 0.4119947 0 0 0.9483237 0.3173046 0 -0.4344452 -0.2857957 0.8541535 0 -0.2705615 -1.284 1.395077 1
v 0.8997483 -0.1384747 0.4138572 0 0 0.9483237 0.3173046 0 -0.4364092 -0.2854943 0.8532526 0 -0.271267 -1.283812 1.394517 1
v 0.8987941 -0.1390972 0.4157177 0 0 0.9483237 0.3173046 0 -0.4383711 -0.2851915 0.8523477 0 -0.2719712 -1.283624 1.393955 1
v 0.8978355 -0.1397191 0.4175763 0 0 0.9483237 0.3173046 0 -0.440331 -0.2848874 0.8514387 0 -0.2726741 -1.283436 1.393391 1
v 0.8968727 -0.1403403 0.4194328 0 0 0.9483237 0.3173046 0 -0.4422887 -0.2845819 0.8505256 0 -0.2733757 -1.283247 1.392827 1
v 0.8959057 -0.1409608 0.4212874 0 0 0.9483237 0.3173046 0 -0.4442443 -0.284275 0.8496086 0 -0.2740761 -1.283057 1.39226 1
v 0.8949344 -0.1415806 0.4231399 0 0 0.9483237 0.3173046 0 -0.4461978 -0.2839668 0.8486874 0 -0.2747751 -1.282867 1.391692 1
v 0.8939588 -0.1421998 0.4249905 0 0 0.9483237 0.3173046 0 -0.4481492 -0.2836573 0.8477623 0 -0.2754728 -1.282677 1.391123 1
v 0.8929789 -0.1428183 0.426839 0 0 0.9483237 0.3173046 0 -0.4500984 -0.2833464 0.8468331 0 -0.2761692 -1.282486 1.390553 1
v 0.8919949 -0.1434361 0.4286855 0 0 0.9483237 0.3173046 0 -0.4520455 -0.2830341 0.8458998 0 -0.2768643 -1.282294 1.389981 1
v 0.8910065 -0.1440533 0.4305299 0 0 0.9483237 0.3173046 0 -0.4539905 -0.2827205 0.8449626 0 -0.277558 -1.282102 1.389407 1
v 0.890014 -0.1446697 0.4323723 0 0 0.9483237 0.3173046 0 -0.4559333 -0.2824056 0.8440213 0 -0.2782505 -1.28191 1.388832 1
v 0.8890171 -0.1452855 0.4342127 0 0 0.9483237 0.3173046 0 -0.4578739 -0.2820893 0.843076 0 -0.2789416 -1.281717 1.388256 1
v 0.8880161 -0.1459006 0.4360509 0 0 0.9483237 0.3173046 0 -0.4598123 -0.2817716 0.8421267 0 -0.2796314 -1.281524 1.387678 1
v 0.8870108 -0.146515 0.4378871 0 0 0.9483237 0.3173046 0 -0.4617486 -0.2814527 0.8411734 0 -0.2803199 -1.28133 1.387099 1
v 0.8860013 -0.1471287 0.4397212 0 0 0.9483237 0.3173046 0 -0.4636827 -0.2811323 0.840216 0 -0.281007 -1.281136 1.386518 1
v 0.8849876 -0.1477416 0.4415533 0 0 0.9483237 0.3173046 0 -0.4656145 -0.2808107 0.8392547 0 -0.2816928 -1.280941 1.385936 1
v 0.8839697 -0.1483539 0.4433832 0 0 0.9483237 0.3173046 0 -0.4675441 -0.2804877 0.8382894 0 -0.2823772 -1.280746 1.385352 1
v 0.8829476 -0.1489655 0.445211 0 0 0.9483237 0.3173046 0 -0.4694716 -0.2801634 0.8373201 0 -0.2830604 -1.28055 1.384767 1
v 0.8819213 -0.1495764 0.4470367 0 0 0.9483237 0.3173046 0 -0.4713967 -0.2798377 0.8363468 0 -0.2837421 -1.280354 1.384181 1
v 0.8808907 -0.1501865 0.4488602 0 0 0.9483237 0.3173046 0 -0.4733197 -0.2795107 0.8353695 0 -0.2844225 -1.280157 1.383593 1
v 0.879856 -0.150796 0.4506817 0 0 0.9483237 0.3173046 0 -0.4752403 -0.2791824 0.8343883 0 -0.2851016 -1.27996 1.383004 1
v 0.8788171 -0.1514047 0.4525009 0 0 0.9483237 0.3173046 0 -0.4771587 -0.2788528 0.8334031 0 -0.2857793 -1.279762 1.382414 1
v 0.877774 -0.1520127 0.4543181 0 0 0.9483237 0.3173046 0 -0.4790749 -0.2785218 0.8324139 0 -0.2864556 -1.279564 1.381822 1
v 0.8767268 -0.15262 0.456133 0 0 0.9483237 0.3173046 0 -0.4809888 -0.2781895 0.8314207 0 -0.2871306 -1.279366 1.381228 1
v 0.8756753 -0.1532265 0.4579458 0 0 0.9483237 0.3173046 0 -0.4829003 -0.2778558 0.8304236 0 -0.2878042 -1.279167 1.380634 1
v 0.8746197 -0.1538323 0.4597564 0 0 0.9483237 0.3173046 0 -0.4848096 -0.2775209 0.8294226 0 -0.2884764 -1.278967 1.380037 1
v 0.8735599 -0.1544374 0.4615648 0 0 0.9483237 0.3173046 0 -0.4867166 -0.2771846 0.8284176 0 -0.2891473 -1.278767 1.37944 1
v 0.872496 -0.1550418 0.4633711 0 0 0.9483237 0.3173046 0 -0.4886212 -0.276847 0.8274086 0 -0.2898168 -1.278567 1.378841 1
v 0.8714279 -0.1556454 0.4651751 0 0 0.9483237 0.3173046 0 -0.4905236 -0.2765081 0.8263957 0 -0.2904849 -1.278366 1.378241 1
v 0.8703557 -0.1562483 0.4669769 0 0 0.9483237 0.3173046 0 -0.4924235 -0.2761679 0.8253789 0 -0.2911516 -1.278165 1.377639 1
v 0.8692793 -0.1568504 0.4687765 0 0 0.9483237 0.3173046 0 -0.4943212 -0.2758264 0.8243582 0 -0.291817 -1.277963 1.377036 1
v 0.8681988 -0.1574518 0.4705738 0 0 0.9483237 0.3173046 0 -0.4962165 -0.2754835 0.8233335 0 -0.2924809 -1.277761 1.376431 1
v 0.8671142 -0.1580524 0.472369 0 0 0.9483237 0.3173046 0 -0.4981094 -0.2751394 0.8223049 0 -0.2931435 -1.277558 1.375826 1
v 0.8660254 -0.1586523 0.4741618 0 0 0.9483237 0.3173046 0 -0.5 -0.2747939 0.8212724 0 -0.2938047 -1.277355 1.375218 1
v 0.8649325 -0.1592514 0.4759524 0 0 0.9483237 0.3173046 0 -0.5018882 -0.2744471 0.820236 0 -0.2944644 -1.277151 1.37461 1
v 0.8638355 -0.1598498 0.4777408 0 0 0.9483237 0.3173046 0 -0.503774 -0.274099 0.8191957 0 -0.2951228 -1.276947 1.374 1
v 0.8627344 -0.1604474 0.4795268 0 0 0.9483237 0.3173046 0 -0.5056574 -0.2737496 0.8181514 0 -0.2957797 -1.276743 1.373389 1
v 0.8616292 -0.1610443 0.4813106 0 0 0.9483237 0.3173046 0 -0.5075384 -0.2733989 0.8171033 0 -0.2964353 -1.276538 1.372776 1
v 0.8605198 -0.1616404 0.4830921 0 0 0.9483237 0.3173046 0 -0.5094169 -0.2730469 0.8160513 0 -0.2970894 -1.276332 1.372162 1
v 0.8594064 -0.1622357 0.4848713 0 0 0.9483237 0.3173046 0 -0.5112931 -0.2726936 0.8149954 0 -0.2977422 -1.276127 1.371547 1
v 0.8582889 -0.1628302 0.4866482 0 0 0.9483237 0.3173046 0 -0.5131668 -0.2723391 0.8139357 0 -0.2983935 -1.27592 1.37093 1
v 0.8571673 -0.163424 0.4884228 0 0 0.9483237 0.3173046 0 -0.5150381 -0.2719832 0.812872 0 -0.2990434 -1.275713 1.370312 1
v 0.8560416 -0.164017 0.490195 0 0 0.9483237 0.3173046 0 -0.5169069 -0.271626 0.8118045 0 -0.2996918 -1.275506 1.369693 1
v 0.8549119 -0.1646092 0.4919649 0 0 0.9483237 0.3173046 0 -0.5187732 -0.2712675 0.8107332 0 -0.3003389 -1.275298 1.369072 1
v 0.8537781 -0.1652006 0.4937325 0 0 0.9483237 0.3173046 0 -0.5206371 -0.2709077 0.8096579 0 -0.3009845 -1.27509 1.36845 1
v 0.8526402 -0.1657912 0.4954977 0 0 0.9483237 0.3173046 0 -0.5224986 -0.2705467 0.8085788 0 -0.3016287 -1.274882 1.367827 1
v 0.8514982 -0.1663811 0.4972606 0 0 0.9483237 0.3173046 0 -0.5243575 -0.2701843 0.8074959 0 -0.3022714 -1.274673 1.367202 1
v 0.8503522 -0.1669701 0.4990211 0 0 0.9483237 0.3173046 0 -0.5262139 -0.2698207 0.8064091 0 -0.3029127 -1.274463 1.366576 1
v 0.8492022 -0.1675584 0.5007792 0 0 0.9483237 0.3173046 0 -0.5280678 -0.2694558 0.8053185 0 -0.3035526 -1.274253 1.365949 1
v 0.8480481 -0.1681458 0.502535 0 0 0.9483237 0.3173046 0 -0.5299193 -0.2690896 0.8042241 0 -0.304191 -1.274043 1.36532 1
v 0.84689 -0.1687325 0.5042883 0 0 0.9483237 0.3173046 0 -0.5317681 -0.2687221 0.8031258 0 -0.304828 -1.273832 1.36469 1
v 0.8457278 -0.1693184 0.5060393 0 0 0.9483237 0.3173046 0 -0.5336145 -0.2683534 0.8020237 0 -0.3054635 -1.273621 1.364059 1
v 0.8445617 -0.1699034 0.5077878 0 0 0.9483237 0.3173046 0 -0.5354583 -0.2679833 0.8009178 0 -0.3060976 -1.273409 1.363426 1
v 0.8433915 -0.1704877 0.5095339 0 0 0.9483237 0.3173046 0 -0.5372996 -0.267612 0.7998081 0 -0.3067302 -1.273197 1.362792 1
v 0.8422172 -0.1710711 0.5112776 0 0 0.9483237 0.3173046 0 -0.5391383 -0.2672394 0.7986945 0 -0.3073613 -1.272985 1.362157 1
v 0.841039 -0.1716537 0.5130189 0 0 0.9483237 0.3173046 0 -0.5409745 -0.2668656 0.7975772 0 -0.307991 -1.272772 1.36152 1
v 0.8398568 -0.1722355 0.5147577 0 0 0.9483237 0.3173046 0 -0.542808 -0.2664905 0.7964561 0 -0.3086192 -1.272558 1.360882 1
v 0.8386706 -0.1728165 0.5164941 0 0 0.9483237 0.3173046 0 -0.544639 -0.2661141 0.7953311 0 -0.309246 -1.272344 1.360243 1
v 0.8374804 -0.1733967 0.518228 0 0 0.9483237 0.3173046 0 -0.5464674 -0.2657364 0.7942024 0 -0.3098712 -1.27213 1.359603 1
v 0.8362862 -0.173976 0.5199594 0 0 0.9483237 0.3173046 0 -0.5482932 -0.2653575 0.79307 0 -0.310495 -1.271915 1.358961 1
v 0.835088 -0.1745545 0.5216884 0 0 0.9483237 0.3173046 0 -0.5501164 -0.2649773 0.7919337 0 -0.3111174 -1.2717 1.358318 1
v 0.8338858 -0.1751322 0.5234149 0 0 0.9483237 0.3173046 0 -0.551937 -0.2645958 0.7907937 0 -0.3117382 -1.271485 1.357674 1
v 0.8326797 -0.175709 0.5251389 0 0 0.9483237 0.3173046 0 -0.5537549 -0.2642131 0.7896499 0 -0.3123576 -1.271269 1.357028 1
v 0.8314696 -0.176285 0.5268604 0 0 0.9483237 0.3173046 0 -0.5555702 -0.2638292 0.7885023 0 -0.3129755 -1.271052 1.356381 1
v 0.8302556 -0.1768602 0.5285794 0 0 0.9483237 0.3173046 0 -0.5573829 -0.2634439 0.787351 0 -0.3135918 -1.270835 1.355733 1
v 0.8290376 -0.1774345 0.5302959 0 0 0.9483237 0.3173046 0 -0.5591929 -0.2630575 0.786196 0 -0.3142067 -1.270618 1.355083 1
v 0.8278156 -0.178008 0.5320098 0 0 0.9483237 0.3173046 0 -0.5610002 -0.2626697 0.7850372 0 -0.3148201 -1.2704 1.354433 1
