# generated by tools/sample_orbit_path.py
# orbit_json: ../tools/benchmark_path_sloth.json
# frames: 2880  span_deg: -360.000  az_start: -101.750
# notes: Orbit inferred from a single calibrated pose by orbit_from_pose.py. look_at source: closest-point-on-ray-to-origin. camera_y / radius come from the anchor pose; axis snapped to +Y.
fov_half_rad: 0.602139
ply: data/sloth.ply
v 0.9790455 -0.0884712 0.1834198 0 0 0.9006982 0.4344452 0 -0.2036418 -0.4253417 0.8818245 0 0.4483928 -3.110879 3.07983 1
v 0.9785989 -0.08939894 0.1853432 0 0 0.9006982 0.4344452 0 -0.2057772 -0.4251476 0.8814223 0 0.4454432 -3.111303 3.080708 1
v 0.9781476 -0.09032626 0.1872657 0 0 0.9006982 0.4344452 0 -0.2079117 -0.4249516 0.8810158 0 0.4424915 -3.111724 3.081581 1
v 0.9776917 -0.09125314 0.1891873 0 0 0.9006982 0.4344452 0 -0.2100452 -0.4247535 0.8806052 0 0.4395377 -3.112142 3.082447 1
v 0.9772311 -0.09217959 0.1911081 0 0 0.9006982 0.4344452 0 -0.2121777 -0.4245534 0.8801903 0 0.4365818 -3.112557 3.083308 1
v 0.9767659 -0.0931056 0.1930279 0 0 0.9006982 0.4344452 0 -0.2143092 -0.4243513 0.8797713 0 0.4336238 -3.112969 3.084163 1
v 0.976296 -0.09403117 0.1949468 0 0 0.9006982 0.4344452 0 -0.2164396 -0.4241472 0.8793481 0 0.4306637 -3.113379 3.085012 1
v 0.9758215 -0.09495629 0.1968648 0 0 0.9006982 0.4344452 0 -0.2185691 -0.423941 0.8789207 0 0.4277016 -3.113786 3.085856 1
v 0.9753423 -0.09588096 0.1987818 0 0 0.9006982 0.4344452 0 -0.2206975 -0.4237328 0.8784891 0 0.4247375 -3.11419 3.086693 1
v 0.9748585 -0.09680517 0.2006979 0 0 0.9006982 0.4344452 0 -0.2228248 -0.4235226 0.8780533 0 0.4217713 -3.114591 3.087525 1
v 0.9743701 -0.09772893 0.202613 0 0 0.9006982 0.4344452 0 -0.2249511 -0.4233104 0.8776134 0 0.4188032 -3.114989 3.088351 1
v 0.973877 -0.09865221 0.2045272 0 0 0.9006982 0.4344452 0 -0.2270763 -0.4230962 0.8771693 0 0.415833 -3.115385 3.089171 1
v 0.9733793 -0.09957503 0.2064404 0 0 0.9006982 0.4344452 0 -0.2292004 -0.42288 0.876721 0 0.4128609 -3.115777 3.089985 1
v 0.9728769 -0.1004974 0.2083526 0 0 0.9006982 0.4344452 0 -0.2313234 -0.4226617 0.8762685 0 0.4098867 -3.116167 3.090793 1
v 0.9723699 -0.1014192 0.2102638 0 0 0.9006982 0.4344452 0 -0.2334454 -0.4224415 0.8758119 0 0.4069107 -3.116554 3.091596 1
v 0.9718583 -0.1023406 0.2121741 0 0 0.9006982 0.4344452 0 -0.2355662 -0.4222192 0.8753511 0 0.4039327 -3.116939 3.092392 1
v 0.9713421 -0.1032615 0.2140833 0 0 0.9006982 0.4344452 0 -0.2376859 -0.4219949 0.8748861 0 0.4009528 -3.11732 3.093183 1
v 0.9708212 -0.1041819 0.2159915 0 0 0.9006982 0.4344452 0 -0.2398045 -0.4217687 0.874417 0 0.397971 -3.117699 3.093968 1
v 0.9702957 -0.1051018 0.2178986 0 0 0.9006982 0.4344452 0 -0.2419219 -0.4215404 0.8739437 0 0.3949872 -3.118074 3.094747 1
v 0.9697656 -0.1060212 0.2198048 0 0 0.9006982 0.4344452 0 -0.2440382 -0.4213101 0.8734662 0 0.3920016 -3.118447 3.095521 1
v 0.9692309 -0.1069401 0.2217099 0 0 0.9006982 0.4344452 0 -0.2461533 -0.4210778 0.8729846 0 0.3890142 -3.118817 3.096288 1
v 0.9686916 -0.1078585 0.2236139 0 0 0.9006982 0.4344452 0 -0.2482673 -0.4208435 0.8724988 0 0.3860248 -3.119185 3.097049 1
v 0.9681476 -0.1087764 0.2255168 0 0 0.9006982 0.4344452 0 -0.25038 -0.4206071 0.8720089 0 0.3830337 -3.119549 3.097805 1
v 0.9675991 -0.1096938 0.2274187 0 0 0.9006982 0.4344452 0 -0.2524916 -0.4203688 0.8715148 0 0.3800407 -3.119911 3.098555 1
v 0.9670459 -0.1106106 0.2293195 0 0 0.9006982 0.4344452 0 -0.254602 -0.4201285 0.8710166 0 0.3770459 -3.12027 3.099299 1
v 0.9664882 -0.1115269 0.2312193 0 0 0.9006982 0.4344452 0 -0.2567111 -0.4198862 0.8705142 0 0.3740493 -3.120626 3.100036 1
v 0.9659258 -0.1124427 0.2331179 0 0 0.9006982 0.4344452 0 -0.2588191 -0.4196419 0.8700077 0 0.371051 -3.120979 3.100769 1
v 0.9653589 -0.113358 0.2350154 0 0 0.9006982 0.4344452 0 -0.2609258 -0.4193956 0.869497 0 0.3680509 -3.121329 3.101495 1
v 0.9647873 -0.1142727 0.2369118 0 0 0.9006982 0.4344452 0 -0.2630312 -0.4191473 0.8689822 0 0.365049 -3.121676 3.102215 1
v 0.9642112 -0.1151868 0.238807 0 0 0.9006982 0.4344452 0 -0.2651354 -0.418897 0.8684633 0 0.3620454 -3.122021 3.102929 1
v 0.9636304 -0.1161005 0.2407012 0 0 0.9006982 0.4344452 0 -0.2672384 -0.4186447 0.8679403 0 0.35904 -3.122363 3.103638 1
v 0.9630451 -0.1170135 0.2425941 0 0 0.9006982 0.4344452 0 -0.2693401 -0.4183904 0.8674131 0 0.356033 -3.122702 3.10434 1
v 0.9624552 -0.117926 0.244486 0 0 0.9006982 0.4344452 0 -0.2714405 -0.4181341 0.8668817 0 0.3530242 -3.123038 3.105037 1
v 0.9618607 -0.118838 0.2463766 0 0 0.9006982 0.4344452 0 -0.2735396 -0.4178758 0.8663463 0 0.3500138 -3.123371 3.105728 1
v 0.9612617 -0.1197493 0.2482661 0 0 0.9006982 0.4344452 0 -0.2756374 -0.4176156 0.8658067 0 0.3470017 -3.123701 3.106413 1
v 0.9606581 -0.1206602 0.2501544 0 0 0.9006982 0.4344452 0 -0.2777339 -0.4173533 0.865263 0 0.343988 -3.124029 3.107092 1
v 0.9600498 -0.1215704 0.2520415 0 0 0.9006982 0.4344452 0 -0.279829 -0.4170891 0.8647152 0 0.3409726 -3.124353 3.107765 1
v 0.9594371 -0.1224801 0.2539274 0 0 0.9006982 0.4344452 0 -0.2819229 -0.4168229 0.8641633 0 0.3379556 -3.124675 3.108432 1
v 0.9588197 -0.1233891 0.2558121 0 0 0.9006982 0.4344452 0 -0.2840154 -0.4165547 0.8636072 0 0.334937 -3.124994 3.109093 1
v 0.9581978 -0.1242976 0.2576956 0 0 0.9006982 0.4344452 0 -0.2861065 -0.4162845 0.8630471 0 0.3319168 -3.12531 3.109748 1
v 0.9575714 -0.1252055 0.2595779 0 0 0.9006982 0.4344452 0 -0.2881963 -0.4160123 0.8624828 0 0.328895 -3.125623 3.110397 1
v 0.9569403 -0.1261128 0.2614589 0 0 0.9006982 0.4344452 0 -0.2902847 -0.4157382 0.8619145 0 0.3258716 -3.125933 3.11104 1
v 0.9563047 -0.1270195 0.2633387 0 0 0.9006982 0.4344452 0 -0.2923717 -0.4154621 0.861342 0 0.3228467 -3.126241 3.111678 1
v 0.9556646 -0.1279256 0.2652172 0 0 0.9006982 0.4344452 0 -0.2944574 -0.415184 0.8607654 0 0.3198203 -3.126545 3.112309 1
v 0.9550199 -0.1288311 0.2670945 0 0 0.9006982 0.4344452 0 -0.2965416 -0.4149039 0.8601848 0 0.3167923 -3.126847 3.112935 1
v 0.9543707 -0.129736 0.2689705 0 0 0.9006982 0.4344452 0 -0.2986244 -0.4146218 0.8596 0 0.3137629 -3.127146 3.113554 1
v 0.9537169 -0.1306402 0.2708452 0 0 0.9006982 0.4344452 0 -0.3007058 -0.4143378 0.8590112 0 0.3107319 -3.127442 3.114168 1
v 0.9530586 -0.1315438 0.2727186 0 0 0.9006982 0.4344452 0 -0.3027858 -0.4140518 0.8584182 0 0.3076995 -3.127735 3.114775 1
v 0.9523958 -0.1324469 0.2745908 0 0 0.9006982 0.4344452 0 -0.3048643 -0.4137638 0.8578212 0 0.3046656 -3.128025 3.115377 1
v 0.9517284 -0.1333492 0.2764616 0 0 0.9006982 0.4344452 0 -0.3069414 -0.4134739 0.8572201 0 0.3016302 -3.128312 3.115973 1
v 0.9510565 -0.134251 0.2783311 0 0 0.9006982 0.4344452 0 -0.309017 -0.413182 0.8566149 0 0.2985934 -3.128597 3.116563 1
v 0.9503801 -0.1351521 0.2801993 0 0 0.9006982 0.4344452 0 -0.3110912 -0.4128881 0.8560057 0 0.2955552 -3.128878 3.117146 1
v 0.9496991 -0.1360525 0.2820661 0 0 0.9006982 0.4344452 0 -0.3131638 -0.4125923 0.8553923 0 0.2925156 -3.129157 3.117724 1
v 0.9490136 -0.1369523 0.2839316 0 0 0.9006982 0.4344452 0 -0.315235 -0.4122945 0.8547749 0 0.2894746 -3.129433 3.118296 1
v 0.9483236 -0.1378515 0.2857958 0 0 0.9006982 0.4344452 0 -0.3173047 -0.4119947 0.8541534 0 0.2864322 -3.129706 3.118862 1
v 0.9476291 -0.13875 0.2876586 0 0 0.9006982 0.4344452 0 -0.3193728 -0.411693 0.8535279 0 0.2833884 -3.129976 3.119422 1
v 0.9469301 -0.1396479 0.28952 0 0 0.9006982 0.4344452 0 -0.3214395 -0.4113893 0.8528983 0 0.2803433 -3.130243 3.119975 1
v 0.9462266 -0.140545 0.29138 0 0 0.9006982 0.4344452 0 -0.3235046 -0.4110836 0.8522646 0 0.2772969 -3.130507 3.120523 1
v 0.9455186 -0.1414415 0.2932387 0 0 0.9006982 0.4344452 0 -0.3255682 -0.410776 0.8516269 0 0.2742491 -3.130769 3.121065 1
v 0.944806 -0.1423374 0.2950959 0 0 0.9006982 0.4344452 0 -0.3276302 -0.4104665 0.8509851 0 0.2712001 -3.131027 3.121601 1
v 0.944089 -0.1432325 0.2969518 0 0 0.9006982 0.4344452 0 -0.3296907 -0.410155 0.8503393 0 0.2681497 -3.131283 3.122131 1
v 0.9433675 -0.144127 0.2988062 0 0 0.9006982 0.4344452 0 -0.3317496 -0.4098415 0.8496894 0 0.2650981 -3.131535 3.122655 1
v 0.9426415 -0.1450208 0.3006593 0 0 0.9006982 0.4344452 0 -0.3338069 -0.4095261 0.8490355 0 0.2620452 -3.131785 3.123173 1
v 0.941911 -0.1459139 0.3025109 0 0 0.9006982 0.4344452 0 -0.3358626 -0.4092088 0.8483776 0 0.2589911 -3.132032 3.123685 1
v 0.941176 -0.1468063 0.304361 0 0 0.9006982 0.4344452 0 -0.3379167 -0.4088894 0.8477156 0 0.2559357 -3.132276 3.124191 1
v 0.9404365 -0.147698 0.3062097 0 0 0.9006982 0.4344452 0 -0.3399693 -0.4085682 0.8470495 0 0.2528791 -3.132517 3.124691 1
v 0.9396926 -0.148589 0.308057 0 0 0.9006982 0.4344452 0 -0.3420202 -0.408245 0.8463795 0 0.2498213 -3.132756 3.125185 1
v 0.9389442 -0.1494793 0.3099027 0 0 0.9006982 0.4344452 0 -0.3440694 -0.4079198 0.8457054 0 0.2467623 -3.132991 3.125672 1
v 0.9381913 -0.1503689 0.311747 0 0 0.9006982 0.4344452 0 -0.3461171 -0.4075928 0.8450273 0 0.2437022 -3.133223 3.126154 1
v 0.937434 -0.1512578 0.3135899 0 0 0.9006982 0.4344452 0 -0.3481631 -0.4072637 0.8443451 0 0.2406409 -3.133453 3.12663 1
v 0.9366722 -0.1521459 0.3154312 0 0 0.9006982 0.4344452 0 -0.3502074 -0.4069328 0.843659 0 0.2375784 -3.13368 3.1271 1
v 0.9359059 -0.1530334 0.317271 0 0 0.9006982 0.4344452 0 -0.3522501 -0.4065999 0.8429688 0 0.2345148 -3.133903 3.127564 1
v 0.9351352 -0.1539201 0.3191093 0 0 0.9006982 0.4344452 0 -0.3542911 -0.406265 0.8422746 0 0.2314501 -3.134124 3.128022 1
v 0.93436 -0.154806 0.3209461 0 0 0.9006982 0.4344452 0 -0.3563304 -0.4059283 0.8415764 0 0.2283843 -3.134342 3.128474 1
v 0.9335804 -0.1556913 0.3227814 0 0 0.9006982 0.4344452 0 -0.358368 -0.4055896 0.8408742 0 0.2253174 -3.134557 3.128919 1
v 0.9327964 -0.1565757 0.3246151 0 0 0.9006982 0.4344452 0 -0.3604039 -0.4052489 0.840168 0 0.2222494 -3.134769 3.129359 1
v 0.9320079 -0.1574595 0.3264473 0 0 0.9006982 0.4344452 0 -0.3624381 -0.4049064 0.8394578 0 0.2191804 -3.134978 3.129793 1
v 0.9312149 -0.1583425 0.328278 0 0 0.9006982 0.4344452 0 -0.3644705 -0.4045619 0.8387436 0 0.2161104 -3.135185 3.13022 1
v 0.9304176 -0.1592247 0.330107 0 0 0.9006982 0.4344452 0 -0.3665012 -0.4042155 0.8380255 0 0.2130393 -3.135388 3.130642 1
v 0.9296158 -0.1601062 0.3319345 0 0 0.9006982 0.4344452 0 -0.3685302 -0.4038672 0.8373033 0 0.2099671 -3.135588 3.131058 1
v 0.9288095 -0.1609869 0.3337605 0 0 0.9006982 0.4344452 0 -0.3705575 -0.4035169 0.8365771 0 0.206894 -3.135786 3.131467 1
v 0.9279989 -0.1618669 0.3355848 0 0 0.9006982 0.4344452 0 -0.3725829 -0.4031647 0.835847 0 0.2038199 -3.135981 3.131871 1
v 0.9271838 -0.1627461 0.3374075 0 0 0.9006982 0.4344452 0 -0.3746066 -0.4028106 0.8351129 0 0.2007449 -3.136172 3.132268 1
v 0.9263644 -0.1636245 0.3392286 0 0 0.9006982 0.4344452 0 -0.3766285 -0.4024546 0.8343748 0 0.1976689 -3.136361 3.13266 1
v 0.9255405 -0.1645021 0.3410482 0 0 0.9006982 0.4344452 0 -0.3786486 -0.4020967 0.8336327 0 0.1945919 -3.136547 3.133045 1
v 0.9247122 -0.1653789 0.3428661 0 0 0.9006982 0.4344452 0 -0.380667 -0.4017368 0.8328867 0 0.191514 -3.13673 3.133424 1
v 0.9238795 -0.166255 0.3446823 0 0 0.9006982 0.4344452 0 -0.3826835 -0.4013751 0.8321367 0 0.1884352 -3.13691 3.133798 1
v 0.9230424 -0.1671303 0.3464969 0 0 0.9006982 0.4344452 0 -0.3846981 -0.4010114 0.8313827 0 0.1853555 -3.137087 3.134165 1
v 0.922201 -0.1680047 0.3483099 0 0 0.9006982 0.4344452 0 -0.386711 -0.4006458 0.8306248 0 0.1822749 -3.137261 3.134526 1
v 0.9213551 -0.1688784 0.3501212 0 0 0.9006982 0.4344452 0 -0.388722 -0.4002783 0.8298629 0 0.1791935 -3.137433 3.134881 1
v 0.9205048 -0.1697513 0.3519309 0 0 0.9006982 0.4344452 0 -0.3907311 -0.399909 0.8290971 0 0.1761112 -3.137601 3.13523 1
v 0.9196502 -0.1706234 0.3537388 0 0 0.9006982 0.4344452 0 -0.3927384 -0.3995377 0.8283273 0 0.173028 -3.137767 3.135573 1
v 0.9187912 -0.1714946 0.3555451 0 0 0.9006982 0.4344452 0 -0.3947439 -0.3991645 0.8275536 0 0.1699441 -3.137929 3.13591 1
v 0.9179278 -0.172365 0.3573497 0 0 0.9006982 0.4344452 0 -0.3967474 -0.3987894 0.826776 0 0.1668593 -3.138089 3.136241 1
v 0.9170601 -0.1732346 0.3591526 0 0 0.9006982 0.4344452 0 -0.3987491 -0.3984124 0.8259944 0 0.1637737 -3.138245 3.136566 1
v 0.9161879 -0.1741034 0.3609538 0 0 0.9006982 0.4344452 0 -0.4007489 -0.3980335 0.8252089 0 0.1606874 -3.138399 3.136885 1
v 0.9153115 -0.1749714 0.3627533 0 0 0.9006982 0.4344452 0 -0.4027467 -0.3976527 0.8244194 0 0.1576003 -3.13855 3.137198 1
v 0.9144306 -0.1758385 0.364551 0 0 0.9006982 0.4344452 0 -0.4047426 -0.39727 0.8236261 0 0.1545124 -3.138698 3.137504 1
v 0.9135454 -0.1767048 0.366347 0 0 0.9006982 0.4344452 0 -0.4067367 -0.3968855 0.8228288 0 0.1514238 -3.138843 3.137805 1
v 0.9126559 -0.1775703 0.3681413 0 0 0.9006982 0.4344452 0 -0.4087287 -0.396499 0.8220276 0 0.1483345 -3.138985 3.138099 1
v 0.911762 -0.1784349 0.3699338 0 0 0.9006982 0.4344452 0 -0.4107189 -0.3961107 0.8212225 0 0.1452445 -3.139124 3.138388 1
v 0.9108638 -0.1792986 0.3717245 0 0 0.9006982 0.4344452 0 -0.412707 -0.3957205 0.8204134 0 0.1421538 -3.13926 3.13867 1
v 0.9099613 -0.1801615 0.3735135 0 0 0.9006982 0.4344452 0 -0.4146933 -0.3953283 0.8196005 0 0.1390624 -3.139394 3.138947 1
v 0.9090544 -0.1810236 0.3753007 0 0 0.9006982 0.4344452 0 -0.4166775 -0.3949344 0.8187837 0 0.1359704 -3.139524 3.139217 1
v 0.9081432 -0.1818847 0.3770861 0 0 0.9006982 0.4344452 0 -0.4186598 -0.3945385 0.817963 0 0.1328777 -3.139651 3.139481 1
v 0.9072276 -0.1827451 0.3788697 0 0 0.9006982 0.4344452 0 -0.42064 -0.3941407 0.8171383 0 0.1297843 -3.139776 3.139739 1
v 0.9063078 -0.1836045 0.3806515 0 0 0.9006982 0.4344452 0 -0.4226183 -0.3937411 0.8163098 0 0.1266904 -3.139897 3.139991 1
v 0.9053836 -0.1844631 0.3824315 0 0 0.9006982 0.4344452 0 -0.4245945 -0.3933396 0.8154774 0 0.1235958 -3.140016 3.140237 1
v 0.9044551 -0.1853208 0.3842097 0 0 0.9006982 0.4344452 0 -0.4265688 -0.3929362 0.8146412 0 0.1205007 -3.140132 3.140477 1
v 0.9035224 -0.1861776 0.3859861 0 0 0.9006982 0.4344452 0 -0.428541 -0.392531 0.813801 0 0.117405 -3.140244 3.140711 1
v 0.9025853 -0.1870335 0.3877606 0 0 0.9006982 0.4344452 0 -0.4305111 -0.3921239 0.812957 0 0.1143087 -3.140354 3.140938 1
v 0.9016439 -0.1878885 0.3895333 0 0 0.9006982 0.4344452 0 -0.4324792 -0.3917149 0.8121091 0 0.1112119 -3.140461 3.14116 1
v 0.9006982 -0.1887427 0.3913041 0 0 0.9006982 0.4344452 0 -0.4344453 -0.3913041 0.8112573 0 0.1081145 -3.140565 3.141375 1
v 0.8997483 -0.1895959 0.3930731 0 0 0.9006982 0.4344452 0 -0.4364093 -0.3908914 0.8104017 0 0.1050167 -3.140666 3.141585 1
v 0.898794 -0.1904483 0.3948401 0 0 0.9006982 0.4344452 0 -0.4383712 -0.3904768 0.8095422 0 0.1019183 -3.140764 3.141788 1
v 0.8978355 -0.1912997 0.3966053 0 0 0.9006982 0.4344452 0 -0.440331 -0.3900604 0.8086789 0 0.09881948 -3.140859 3.141985 1
v 0.8968727 -0.1921502 0.3983687 0 0 0.9006982 0.4344452 0 -0.4422887 -0.3896421 0.8078117 0 0.09572017 -3.140951 3.142176 1
v 0.8959057 -0.1929998 0.4001301 0 0 0.9006982 0.4344452 0 -0.4442443 -0.389222 0.8069407 0 0.0926204 -3.141041 3.142361 1
v 0.8949344 -0.1938485 0.4018896 0 0 0.9006982 0.4344452 0 -0.4461978 -0.3888 0.8060658 0 0.08952019 -3.141127 3.14254 1
v 0.8939588 -0.1946963 0.4036472 0 0 0.9006982 0.4344452 0 -0.4481492 -0.3883761 0.8051871 0 0.08641955 -3.14121 3.142713 1
v 0.8929789 -0.1955431 0.4054029 0 0 0.9006982 0.4344452 0 -0.4500985 -0.3879505 0.8043046 0 0.0833185 -3.141291 3.14288 1
v 0.8919948 -0.196389 0.4071566 0 0 0.9006982 0.4344452 0 -0.4520456 -0.3875229 0.8034182 0 0.08021705 -3.141368 3.143041 1
v 0.8910065 -0.197234 0.4089085 0 0 0.9006982 0.4344452 0 -0.4539905 -0.3870935 0.802528 0 0.07711523 -3.141443 3.143195 1
v 0.8900139 -0.1980781 0.4106583 0 0 0.9006982 0.4344452 0 -0.4559333 -0.3866623 0.801634 0 0.07401303 -3.141515 3.143344 1
v 0.8890171 -0.1989212 0.4124062 0 0 0.9006982 0.4344452 0 -0.4578739 -0.3862293 0.8007362 0 0.07091049 -3.141583 3.143486 1
v 0.8880161 -0.1997633 0.4141522 0 0 0.9006982 0.4344452 0 -0.4598124 -0.3857944 0.7998345 0 0.0678076 -3.141649 3.143622 1
v 0.8870108 -0.2006045 0.4158962 0 0 0.9006982 0.4344452 0 -0.4617486 -0.3853576 0.7989291 0 0.0647044 -3.141712 3.143753 1
v 0.8860013 -0.2014447 0.4176382 0 0 0.9006982 0.4344452 0 -0.4636827 -0.3849191 0.7980198 0 0.06160088 -3.141772 3.143877 1
v 0.8849876 -0.202284 0.4193782 0 0 0.9006982 0.4344452 0 -0.4656145 -0.3844787 0.7971068 0 0.05849707 -3.141829 3.143995 1
v 0.8839697 -0.2031223 0.4211162 0 0 0.9006982 0.4344452 0 -0.4675442 -0.3840364 0.79619 0 0.05539299 -3.141882 3.144107 1
v 0.8829476 -0.2039597 0.4228522 0 0 0.9006982 0.4344452 0 -0.4694716 -0.3835924 0.7952693 0 0.05228864 -3.141934 3.144212 1
v 0.8819213 -0.2047961 0.4245862 0 0 0.9006982 0.4344452 0 -0.4713968 -0.3831465 0.7943449 0 0.04918404 -3.141982 3.144312 1
v 0.8808907 -0.2056315 0.4263182 0 0 0.9006982 0.4344452 0 -0.4733197 -0.3826988 0.7934167 0 0.04607921 -3.142027 3.144406 1
v 0.879856 -0.2064659 0.4280482 0 0 0.9006982 0.4344452 0 -0.4752404 -0.3822493 0.7924848 0 0.04297415 -3.142069 3.144493 1
v 0.8788171 -0.2072994 0.4297761 0 0 0.9006982 0.4344452 0 -0.4771588 -0.3817979 0.791549 0 0.0398689 -3.142108 3.144575 1
v 0.877774 -0.2081318 0.4315019 0 0 0.9006982 0.4344452 0 -0.4790749 -0.3813447 0.7906095 0 0.03676345 -3.142145 3.14465 1
v 0.8767267 -0.2089633 0.4332258 0 0 0.9006982 0.4344452 0 -0.4809888 -0.3808898 0.7896662 0 0.03365783 -3.142178 3.144719 1
v 0.8756753 -0.2097938 0.4349475 0 0 0.9006982 0.4344452 0 -0.4829004 -0.380433 0.7887192 0 0.03055205 -3.142208 3.144782 1
v 0.8746197 -0.2106232 0.4366672 0 0 0.9006982 0.4344452 0 -0.4848096 -0.3799744 0.7877684 0 0.02744612 -3.142236 3.144839 1
v 0.8735599 -0.2114517 0.4383848 0 0 0.9006982 0.4344452 0 -0.4867166 -0.379514 0.7868139 0 0.02434006 -3.14226 3.14489 1
v 0.872496 -0.2122792 0.4401003 0 0 0.9006982 0.4344452 0 -0.4886213 -0.3790517 0.7858556 0 0.02123389 -3.142282 3.144935 1
v 0.8714279 -0.2131056 0.4418137 0 0 0.9006982 0.4344452 0 -0.4905236 -0.3785877 0.7848936 0 0.01812762 -3.142301 3.144973 1
v 0.8703557 -0.2139311 0.4435251 0 0 0.9006982 0.4344452 0 -0.4924236 -0.3781219 0.7839278 0 0.01502125 -3.142316 3.145006 1
v 0.8692793 -0.2147555 0.4452343 0 0 0.9006982 0.4344452 0 -0.4943212 -0.3776543 0.7829584 0 0.01191482 -3.142329 3.145032 1
v 0.8681988 -0.2155789 0.4469414 0 0 0.9006982 0.4344452 0 -0.4962165 -0.3771848 0.7819851 0 0.008808333 -3.142339 3.145053 1
v 0.8671142 -0.2164013 0.4486463 0 0 0.9006982 0.4344452 0 -0.4981095 -0.3767136 0.7810082 0 0.005701802 -3.142346 3.145067 1
v 0.8660254 -0.2172226 0.4503491 0 0 0.9006982 0.4344452 0 -0.5 -0.3762406 0.7800276 0 0.002595244 -3.14235 3.145075 1
v 0.8649325 -0.2180429 0.4520498 0 0 0.9006982 0.4344452 0 -0.5018882 -0.3757658 0.7790432 0 -0.0005113265 -3.142351 3.145077 1
v 0.8638355 -0.2188622 0.4537484 0 0 0.9006982 0.4344452 0 -0.503774 -0.3752892 0.7780551 0 -0.003617895 -3.142349 3.145073 1
v 0.8627344 -0.2196805 0.4554447 0 0 0.9006982 0.4344452 0 -0.5056574 -0.3748108 0.7770633 0 -0.006724445 -3.142344 3.145063 1
v 0.8616291 -0.2204976 0.4571389 0 0 0.9006982 0.4344452 0 -0.5075384 -0.3743307 0.7760679 0 -0.009830964 -3.142336 3.145047 1
v 0.8605198 -0.2213138 0.458831 0 0 0.9006982 0.4344452 0 -0.509417 -0.3738487 0.7750687 0 -0.01293744 -3.142325 3.145024 1
v 0.8594064 -0.2221289 0.4605208 0 0 0.9006982 0.4344452 0 -0.5112931 -0.373365 0.7740658 0 -0.01604385 -3.142311 3.144996 1
v 0.8582889 -0.2229429 0.4622085 0 0 0.9006982 0.4344452 0 -0.5131668 -0.3728795 0.7730593 0 -0.01915018 -3.142295 3.144961 1
v 0.8571673 -0.2237559 0.4638939 0 0 0.9006982 0.4344452 0 -0.5150381 -0.3723923 0.7720491 0 -0.02225642 -3.142275 3.144921 1
v 0.8560416 -0.2245678 0.4655772 0 0 0.9006982 0.4344452 0 -0.5169069 -0.3719032 0.7710352 0 -0.02536256 -3.142253 3.144874 1
v 0.8549119 -0.2253786 0.4672582 0 0 0.9006982 0.4344452 0 -0.5187733 -0.3714124 0.7700176 0 -0.02846858 -3.142227 3.144821 1
v 0.853778 -0.2261883 0.468937 0 0 0.9006982 0.4344452 0 -0.5206372 -0.3709198 0.7689964 0 -0.03157446 -3.142199 3.144762 1
v 0.8526402 -0.226997 0.4706136 0 0 0.9006982 0.4344452 0 -0.5224986 -0.3704255 0.7679715 0 -0.03468019 -3.142167 3.144697 1
v 0.8514982 -0.2278046 0.4722879 0 0 0.9006982 0.4344452 0 -0.5243575 -0.3699293 0.7669429 0 -0.03778575 -3.142133 3.144626 1
v 0.8503522 -0.2286111 0.47396 0 0 0.9006982 0.4344452 0 -0.5262139 -0.3694315 0.7659107 0 -0.04089114 -3.142096 3.144548 1
v 0.8492022 -0.2294166 0.4756298 0 0 0.9006982 0.4344452 0 -0.5280679 -0.3689318 0.7648749 0 -0.04399633 -3.142055 3.144465 1
v 0.8480481 -0.2302209 0.4772974 0 0 0.9006982 0.4344452 0 -0.5299193 -0.3684305 0.7638354 0 -0.04710131 -3.142012 3.144376 1
v 0.84689 -0.2310242 0.4789627 0 0 0.9006982 0.4344452 0 -0.5317682 -0.3679273 0.7627923 0 -0.05020607 -3.141966 3.14428 1
v 0.8457278 -0.2318263 0.4806257 0 0 0.9006982 0.4344452 0 -0.5336145 -0.3674224 0.7617456 0 -0.05331059 -3.141917 3.144178 1
v 0.8445616 -0.2326273 0.4822864 0 0 0.9006982 0.4344452 0 -0.5354584 -0.3669158 0.7606952 0 -0.05641485 -3.141865 3.14407 1
v 0.8433914 -0.2334273 0.4839448 0 0 0.9006982 0.4344452 0 -0.5372996 -0.3664074 0.7596412 0 -0.05951885 -3.14181 3.143956 1
v 0.8422172 -0.2342261 0.485601 0 0 0.9006982 0.4344452 0 -0.5391383 -0.3658973 0.7585836 0 -0.06262256 -3.141752 3.143836 1
v 0.841039 -0.2350238 0.4872548 0 0 0.9006982 0.4344452 0 -0.5409745 -0.3653854 0.7575224 0 -0.06572598 -3.141691 3.14371 1
v 0.8398568 -0.2358204 0.4889063 0 0 0.9006982 0.4344452 0 -0.5428081 -0.3648718 0.7564575 0 -0.06882908 -3.141628 3.143578 1
v 0.8386706 -0.2366158 0.4905554 0 0 0.9006982 0.4344452 0 -0.5446391 -0.3643564 0.7553891 0 -0.07193185 -3.141561 3.14344 1
v 0.8374803 -0.2374102 0.4922023 0 0 0.9006982 0.4344452 0 -0.5464675 -0.3638394 0.7543171 0 -0.07503428 -3.141491 3.143295 1
v 0.8362861 -0.2382034 0.4938468 0 0 0.9006982 0.4344452 0 -0.5482932 -0.3633205 0.7532415 0 -0.07813636 -3.141419 3.143145 1
v 0.835088 -0.2389955 0.4954889 0 0 0.9006982 0.4344452 0 -0.5501164 -0.3628 0.7521623 0 -0.08123806 -3.141343 3.142988 1
v 0.8338858 -0.2397864 0.4971287 0 0 0.9006982 0.4344452 0 -0.551937 -0.3622777 0.7510795 0 -0.08433938 -3.141265 3.142826 1
v 0.8326797 -0.2405762 0.4987661 0 0 0.9006982 0.4344452 0 -0.5537549 -0.3617537 0.7499931 0 -0.08744029 -3.141183 3.142657 1
v 0.8314696 -0.2413649 0.5004011 0 0 0.9006982 0.4344452 0 -0.5555703 -0.361228 0.7489032 0 -0.09054079 -3.141099 3.142482 1
v 0.8302556 -0.2421524 0.5020338 0 0 0.9006982 0.4344452 0 -0.5573829 -0.3607006 0.7478097 0 -0.09364086 -3.141012 3.142301 1
v 0.8290376 -0.2429387 0.5036641 0 0 0.9006982 0.4344452 0 -0.5591929 -0.3601714 0.7467127 0 -0.09674048 -3.140921 3.142114 1
v 0.8278156 -0.2437239 0.505292 0 0 0.9006982 0.4344452 0 -0.5610003 -0.3596406 0.7456121 0 -0.09983964 -3.140828 3.141921 1
v 0.8265897 -0.2445079 0.5069174 0 0 0.9006982 0.4344452 0 -0.5628049 -0.359108 0.7445079 0 -0.1029383 -3.140732 3.141722 1
v 0.8253599 -0.2452908 0.5085405 0 0 0.9006982 0.4344452 0 -0.5646069 -0.3585737 0.7434002 0 -0.1060365 -3.140633 3.141516 1
v 0.8241262 -0.2460725 0.5101611 0 0 0.9006982 0.4344452 0 -0.5664063 -0.3580377 0.742289 0 -0.1091342 -3.140531 3.141305 1
v 0.8228885 -0.246853 0.5117793 0 0 0.9006982 0.4344452 0 -0.5682029 -0.3575 0.7411742 0 -0.1122314 -3.140426 3.141087 1
v 0.8216469 -0.2476324 0.5133951 0 0 0.9006982 0.4344452 0 -0.5699968 -0.3569606 0.7400559 0 -0.115328 -3.140318 3.140864 1
v 0.8204014 -0.2484106 0.5150084 0 0 0.9006982 0.4344452 0 -0.571788 -0.3564195 0.7389341 0 -0.1184241 -3.140208 3.140634 1
v 0.819152 -0.2491876 0.5166193 0 0 0.9006982 0.4344452 0 -0.5735765 -0.3558767 0.7378088 0 -0.1215196 -3.140094 3.140398 1
v 0.8178987 -0.2499634 0.5182277 0 0 0.9006982 0.4344452 0 -0.5753622 -0.3553322 0.73668 0 -0.1246146 -3.139977 3.140157 1
v 0.8166415 -0.250738 0.5198337 0 0 0.9006982 0.4344452 0 -0.5771452 -0.354786 0.7355476 0 -0.1277089 -3.139858 3.139909 1
v 0.8153805 -0.2515114 0.5214372 0 0 0.9006982 0.4344452 0 -0.5789255 -0.3542382 0.7344118 0 -0.1308027 -3.139735 3.139655 1
v 0.8141155 -0.2522836 0.5230381 0 0 0.9006982 0.4344452 0 -0.580703 -0.3536886 0.7332724 0 -0.1338958 -3.13961 3.139395 1
v 0.8128467 -0.2530547 0.5246367 0 0 0.9006982 0.4344452 0 -0.5824777 -0.3531374 0.7321296 0 -0.1369883 -3.139481 3.139129 1
v 0.811574 -0.2538245 0.5262327 0 0 0.9006982 0.4344452 0 -0.5842497 -0.3525845 0.7309832 0 -0.1400801 -3.13935 3.138856 1
v 0.8102974 -0.2545931 0.5278262 0 0 0.9006982 0.4344452 0 -0.5860189 -0.3520299 0.7298334 0 -0.1431713 -3.139216 3.138578 1
v 0.809017 -0.2553605 0.5294172 0 0 0.9006982 0.4344452 0 -0.5877853 -0.3514736 0.7286802 0 -0.1462618 -3.139079 3.138294 1
v 0.8077327 -0.2561267 0.5310056 0 0 0.9006982 0.4344452 0 -0.5895489 -0.3509156 0.7275234 0 -0.1493516 -3.138939 3.138003 1
v 0.8064446 -0.2568917 0.5325916 0 0 0.9006982 0.4344452 0 -0.5913097 -0.350356 0.7263632 0 -0.1524407 -3.138796 3.137707 1
v 0.8051526 -0.2576554 0.534175 0 0 0.9006982 0.4344452 0 -0.5930676 -0.3497947 0.7251996 0 -0.155529 -3.13865 3.137404 1
v 0.8038568 -0.2584179 0.5357559 0 0 0.9006982 0.4344452 0 -0.5948228 -0.3492318 0.7240325 0 -0.1586166 -3.138501 3.137095 1
v 0.8025572 -0.2591792 0.5373342 0 0 0.9006982 0.4344452 0 -0.5965751 -0.3486672 0.7228619 0 -0.1617035 -3.138349 3.136781 1
v 0.8012538 -0.2599393 0.5389099 0 0 0.9006982 0.4344452 0 -0.5983246 -0.3481009 0.7216879 0 -0.1647896 -3.138194 3.13646 1
v 0.7999466 -0.2606981 0.5404831 0 0 0.9006982 0.4344452 0 -0.6000713 -0.347533 0.7205105 0 -0.1678749 -3.138037 3.136133 1
v 0.7986355 -0.2614557 0.5420538 0 0 0.9006982 0.4344452 0 -0.601815 -0.3469634 0.7193296 0 -0.1709594 -3.137876 3.1358 1
v 0.7973206 -0.262212 0.5436218 0 0 0.9006982 0.4344452 0 -0.603556 -0.3463922 0.7181453 0 -0.1740431 -3.137712 3.135461 1
v 0.796002 -0.2629671 0.5451872 0 0 0.9006982 0.4344452 0 -0.605294 -0.3458193 0.7169576 0 -0.1771259 -3.137546 3.135116 1
v 0.7946795 -0.2637209 0.5467501 0 0 0.9006982 0.4344452 0 -0.6070292 -0.3452448 0.7157665 0 -0.180208 -3.137377 3.134765 1
v 0.7933533 -0.2644735 0.5483104 0 0 0.9006982 0.4344452 0 -0.6087614 -0.3446686 0.7145719 0 -0.1832891 -3.137204 3.134408 1
v 0.7920233 -0.2652248 0.549868 0 0 0.9006982 0.4344452 0 -0.6104908 -0.3440908 0.713374 0 -0.1863694 -3.137029 3.134045 1
v 0.7906896 -0.2659749 0.551423 0 0 0.9006982 0.4344452 0 -0.6122173 -0.3435113 0.7121727 0 -0.1894488 -3.136851 3.133676 1
v 0.789352 -0.2667237 0.5529755 0 0 0.9006982 0.4344452 0 -0.6139409 -0.3429302 0.710968 0 -0.1925273 -3.13667 3.1333 1
v 0.7880107 -0.2674712 0.5545252 0 0 0.9006982 0.4344452 0 -0.6156615 -0.3423475 0.7097599 0 -0.1956049 -3.136486 3.132919 1
v 0.7866657 -0.2682175 0.5560724 0 0 0.9006982 0.4344452 0 -0.6173792 -0.3417632 0.7085484 0 -0.1986816 -3.136299 3.132532 1
v 0.7853169 -0.2689624 0.5576168 0 0 0.9006982 0.4344452 0 -0.619094 -0.3411772 0.7073336 0 -0.2017573 -3.13611 3.132138 1
v 0.7839644 -0.2697061 0.5591587 0 0 0.9006982 0.4344452 0 -0.6208058 -0.3405896 0.7061154 0 -0.204832 -3.135917 3.131739 1
v 0.7826081 -0.2704485 0.5606979 0 0 0.9006982 0.4344452 0 -0.6225147 -0.3400004 0.7048938 0 -0.2079058 -3.135721 3.131333 1
v 0.7812482 -0.2711897 0.5622344 0 0 0.9006982 0.4344452 0 -0.6242206 -0.3394096 0.7036689 0 -0.2109786 -3.135523 3.130922 1
v 0.7798845 -0.2719295 0.5637682 0 0 0.9006982 0.4344452 0 -0.6259235 -0.3388171 0.7024406 0 -0.2140503 -3.135321 3.130504 1
v 0.7785171 -0.272668 0.5652993 0 0 0.9006982 0.4344452 0 -0.6276234 -0.338223 0.701209 0 -0.2171211 -3.135117 3.13008 1
v 0.7771459 -0.2734053 0.5668278 0 0 0.9006982 0.4344452 0 -0.6293204 -0.3376274 0.699974 0 -0.2201908 -3.13491 3.129651 1
v 0.7757711 -0.2741412 0.5683535 0 0 0.9006982 0.4344452 0 -0.6310144 -0.3370301 0.6987357 0 -0.2232595 -3.1347 3.129215 1
v 0.7743926 -0.2748758 0.5698766 0 0 0.9006982 0.4344452 0 -0.6327053 -0.3364312 0.6974941 0 -0.2263271 -3.134487 3.128773 1
v 0.7730104 -0.2756092 0.5713969 0 0 0.9006982 0.4344452 0 -0.6343933 -0.3358307 0.6962491 0 -0.2293937 -3.134271 3.128325 1
v 0.7716246 -0.2763412 0.5729146 0 0 0.9006982 0.4344452 0 -0.6360782 -0.3352286 0.6950009 0 -0.2324591 -3.134052 3.127872 1
v 0.770235 -0.2770719 0.5744294 0 0 0.9006982 0.4344452 0 -0.6377601 -0.3346249 0.6937493 0 -0.2355235 -3.13383 3.127412 1
v 0.7688418 -0.2778012 0.5759416 0 0 0.9006982 0.4344452 0 -0.639439 -0.3340197 0.6924945 0 -0.2385867 -3.133605 3.126946 1
v 0.7674449 -0.2785293 0.577451 0 0 0.9006982 0.4344452 0 -0.6411148 -0.3334128 0.6912363 0 -0.2416488 -3.133378 3.126474 1
v 0.7660444 -0.279256 0.5789577 0 0 0.9006982 0.4344452 0 -0.6427876 -0.3328044 0.6899749 0 -0.2447097 -3.133147 3.125996 1
v 0.7646403 -0.2799814 0.5804616 0 0 0.9006982 0.4344452 0 -0.6444573 -0.3321943 0.6887101 0 -0.2477695 -3.132914 3.125513 1
v 0.7632325 -0.2807055 0.5819627 0 0 0.9006982 0.4344452 0 -0.646124 -0.3315827 0.6874421 0 -0.2508281 -3.132677 3.125023 1
v 0.761821 -0.2814282 0.5834611 0 0 0.9006982 0.4344452 0 -0.6477876 -0.3309695 0.6861709 0 -0.2538854 -3.132438 3.124527 1
v 0.760406 -0.2821496 0.5849567 0 0 0.9006982 0.4344452 0 -0.6494481 -0.3303548 0.6848963 0 -0.2569416 -3.132196 3.124025 1
v 0.7589873 -0.2828697 0.5864496 0 0 0.9006982 0.4344452 0 -0.6511055 -0.3297384 0.6836185 0 -0.2599966 -3.131951 3.123517 1
v 0.757565 -0.2835884 0.5879396 0 0 0.9006982 0.4344452 0 -0.6527598 -0.3291205 0.6823374 0 -0.2630503 -3.131703 3.123003 1
v 0.7561391 -0.2843057 0.5894268 0 0 0.9006982 0.4344452 0 -0.654411 -0.328501 0.6810531 0 -0.2661028 -3.131453 3.122483 1
v 0.7547096 -0.2850217 0.5909112 0 0 0.9006982 0.4344452 0 -0.656059 -0.32788 0.6797656 0 -0.269154 -3.131199 3.121957 1
v 0.7532765 -0.2857364 0.5923928 0 0 0.9006982 0.4344452 0 -0.657704 -0.3272574 0.6784748 0 -0.2722039 -3.130942 3.121425 1
v 0.7518398 -0.2864497 0.5938716 0 0 0.9006982 0.4344452 0 -0.6593458 -0.3266332 0.6771808 0 -0.2752526 -3.130683 3.120888 1
v 0.7503995 -0.2871616 0.5953476 0 0 0.9006982 0.4344452 0 -0.6609845 -0.3260075 0.6758835 0 -0.2782999 -3.130421 3.120344 1
v 0.7489557 -0.2878721 0.5968207 0 0 0.9006982 0.4344452 0 -0.6626201 -0.3253802 0.6745831 0 -0.2813459 -3.130155 3.119794 1
v 0.7475083 -0.2885813 0.598291 0 0 0.9006982 0.4344452 0 -0.6642525 -0.3247514 0.6732794 0 -0.2843906 -3.129887 3.119238 1
v 0.7460574 -0.2892891 0.5997585 0 0 0.9006982 0.4344452 0 -0.6658817 -0.3241211 0.6719726 0 -0.2874339 -3.129616 3.118676 1
v 0.7446029 -0.2899956 0.6012231 0 0 0.9006982 0.4344452 0 -0.6675077 -0.3234892 0.6706625 0 -0.2904758 -3.129342 3.118108 1
v 0.7431448 -0.2907006 0.6026848 0 0 0.9006982 0.4344452 0 -0.6691306 -0.3228557 0.6693492 0 -0.2935163 -3.129066 3.117535 1
v 0.7416832 -0.2914043 0.6041436 0 0 0.9006982 0.4344452 0 -0.6707503 -0.3222208 0.6680328 0 -0.2965555 -3.128786 3.116955 1
v 0.7402181 -0.2921066 0.6055996 0 0 0.9006982 0.4344452 0 -0.6723668 -0.3215842 0.6667132 0 -0.2995932 -3.128503 3.116369 1
v 0.7387495 -0.2928075 0.6070527 0 0 0.9006982 0.4344452 0 -0.6739801 -0.3209462 0.6653904 0 -0.3026296 -3.128218 3.115777 1
v 0.7372773 -0.293507 0.6085029 0 0 0.9006982 0.4344452 0 -0.6755902 -0.3203066 0.6640644 0 -0.3056644 -3.12793 3.11518 1
v 0.7358017 -0.2942051 0.6099502 0 0 0.9006982 0.4344452 0 -0.6771971 -0.3196655 0.6627353 0 -0.3086979 -3.127639 3.114576 1
v 0.7343225 -0.2949018 0.6113947 0 0 0.9006982 0.4344452 0 -0.6788008 -0.3190229 0.661403 0 -0.3117298 -3.127345 3.113967 1
v 0.7328398 -0.2955971 0.6128362 0 0 0.9006982 0.4344452 0 -0.6804012 -0.3183788 0.6600676 0 -0.3147603 -3.127048 3.113351 1
v 0.7313537 -0.296291 0.6142747 0 0 0.9006982 0.4344452 0 -0.6819984 -0.3177331 0.658729 0 -0.3177893 -3.126748 3.11273 1
v 0.7298641 -0.2969834 0.6157104 0 0 0.9006982 0.4344452 0 -0.6835923 -0.317086 0.6573873 0 -0.3208167 -3.126445 3.112102 1
v 0.728371 -0.2976745 0.6171431 0 0 0.9006982 0.4344452 0 -0.685183 -0.3164373 0.6560424 0 -0.3238427 -3.12614 3.111469 1
v 0.7268744 -0.2983642 0.6185729 0 0 0.9006982 0.4344452 0 -0.6867704 -0.3157871 0.6546945 0 -0.3268671 -3.125831 3.110829 1
v 0.7253744 -0.2990524 0.6199998 0 0 0.9006982 0.4344452 0 -0.6883546 -0.3151354 0.6533434 0 -0.3298899 -3.12552 3.110184 1
v 0.7238709 -0.2997392 0.6214237 0 0 0.9006982 0.4344452 0 -0.6899355 -0.3144823 0.6519892 0 -0.3329112 -3.125206 3.109533 1
v 0.7223639 -0.3004246 0.6228446 0 0 0.9006982 0.4344452 0 -0.6915131 -0.3138276 0.6506319 0 -0.3359308 -3.124889 3.108876 1
v 0.7208536 -0.3011085 0.6242626 0 0 0.9006982 0.4344452 0 -0.6930874 -0.3131714 0.6492716 0 -0.3389489 -3.124569 3.108213 1
v 0.7193398 -0.301791 0.6256776 0 0 0.9006982 0.4344452 0 -0.6946584 -0.3125138 0.6479081 0 -0.3419654 -3.124247 3.107544 1
v 0.7178226 -0.3024721 0.6270896 0 0 0.9006982 0.4344452 0 -0.6962261 -0.3118546 0.6465415 0 -0.3449802 -3.123921 3.106869 1
v 0.7163019 -0.3031518 0.6284987 0 0 0.9006982 0.4344452 0 -0.6977905 -0.311194 0.6451719 0 -0.3479934 -3.123593 3.106188 1
v 0.7147779 -0.30383 0.6299047 0 0 0.9006982 0.4344452 0 -0.6993515 -0.3105319 0.6437992 0 -0.351005 -3.123261 3.105501 1
v 0.7132504 -0.3045067 0.6313078 0 0 0.9006982 0.4344452 0 -0.7009093 -0.3098683 0.6424234 0 -0.3540149 -3.122927 3.104808 1
v 0.7117196 -0.305182 0.6327078 0 0 0.9006982 0.4344452 0 -0.7024637 -0.3092032 0.6410446 0 -0.357023 -3.12259 3.10411 1
v 0.7101854 -0.3058559 0.6341048 0 0 0.9006982 0.4344452 0 -0.7040147 -0.3085367 0.6396627 0 -0.3600295 -3.122251 3.103405 1
v 0.7086477 -0.3065283 0.6354989 0 0 0.9006982 0.4344452 0 -0.7055624 -0.3078686 0.6382778 0 -0.3630343 -3.121908 3.102695 1
v 0.7071068 -0.3071992 0.6368899 0 0 0.9006982 0.4344452 0 -0.7071068 -0.3071992 0.6368898 0 -0.3660374 -3.121562 3.101979 1
v 0.7055624 -0.3078687 0.6382778 0 0 0.9006982 0.4344452 0 -0.7086478 -0.3065282 0.6354988 0 -0.3690387 -3.121214 3.101256 1
v 0.7040147 -0.3085367 0.6396627 0 0 0.9006982 0.4344452 0 -0.7101854 -0.3058558 0.6341048 0 -0.3720382 -3.120863 3.100528 1
v 0.7024637 -0.3092032 0.6410446 0 0 0.9006982 0.4344452 0 -0.7117196 -0.305182 0.6327078 0 -0.375036 -3.120509 3.099794 1
v 0.7009092 -0.3098683 0.6424234 0 0 0.9006982 0.4344452 0 -0.7132505 -0.3045067 0.6313077 0 -0.378032 -3.120152 3.099054 1
v 0.6993515 -0.3105319 0.6437992 0 0 0.9006982 0.4344452 0 -0.7147779 -0.3038299 0.6299047 0 -0.3810262 -3.119792 3.098309 1
v 0.6977904 -0.311194 0.6451719 0 0 0.9006982 0.4344452 0 -0.716302 -0.3031517 0.6284986 0 -0.3840186 -3.11943 3.097557 1
v 0.6962261 -0.3118546 0.6465416 0 0 0.9006982 0.4344452 0 -0.7178226 -0.3024721 0.6270896 0 -0.3870091 -3.119064 3.096799 1
v 0.6946584 -0.3125138 0.6479081 0 0 0.9006982 0.4344452 0 -0.7193398 -0.301791 0.6256776 0 -0.3899978 -3.118696 3.096036 1
v 0.6930873 -0.3131714 0.6492716 0 0 0.9006982 0.4344452 0 -0.7208536 -0.3011085 0.6242626 0 -0.3929847 -3.118325 3.095267 1
v 0.691513 -0.3138276 0.650632 0 0 0.9006982 0.4344452 0 -0.722364 -0.3004246 0.6228446 0 -0.3959697 -3.117951 3.094491 1
v 0.6899354 -0.3144823 0.6519893 0 0 0.9006982 0.4344452 0 -0.7238709 -0.2997392 0.6214236 0 -0.3989527 -3.117574 3.09371 1
v 0.6883546 -0.3151355 0.6533434 0 0 0.9006982 0.4344452 0 -0.7253744 -0.2990524 0.6199997 0 -0.4019339 -3.117195 3.092924 1
v 0.6867704 -0.3157871 0.6546945 0 0 0.9006982 0.4344452 0 -0.7268744 -0.2983641 0.6185729 0 -0.4049132 -3.116812 3.092131 1
v 0.685183 -0.3164373 0.6560425 0 0 0.9006982 0.4344452 0 -0.728371 -0.2976745 0.6171431 0 -0.4078906 -3.116427 3.091332 1
v 0.6835923 -0.317086 0.6573873 0 0 0.9006982 0.4344452 0 -0.7298641 -0.2969834 0.6157104 0 -0.410866 -3.116039 3.090528 1
v 0.6819983 -0.3177331 0.658729 0 0 0.9006982 0.4344452 0 -0.7313537 -0.2962909 0.6142747 0 -0.4138395 -3.115648 3.089718 1
v 0.6804012 -0.3183788 0.6600676 0 0 0.9006982 0.4344452 0 -0.7328399 -0.295597 0.6128361 0 -0.416811 -3.115255 3.088901 1
v 0.6788007 -0.3190229 0.661403 0 0 0.9006982 0.4344452 0 -0.7343225 -0.2949018 0.6113946 0 -0.4197805 -3.114858 3.088079 1
v 0.6771971 -0.3196655 0.6627353 0 0 0.9006982 0.4344452 0 -0.7358017 -0.294205 0.6099502 0 -0.422748 -3.114459 3.087252 1
v 0.6755902 -0.3203066 0.6640644 0 0 0.9006982 0.4344452 0 -0.7372774 -0.2935069 0.6085029 0 -0.4257135 -3.114057 3.086418 1
v 0.6739801 -0.3209462 0.6653904 0 0 0.9006982 0.4344452 0 -0.7387495 -0.2928074 0.6070527 0 -0.428677 -3.113652 3.085579 1
v 0.6723668 -0.3215843 0.6667132 0 0 0.9006982 0.4344452 0 -0.7402181 -0.2921066 0.6055996 0 -0.4316384 -3.113244 3.084733 1
v 0.6707503 -0.3222208 0.6680328 0 0 0.9006982 0.4344452 0 -0.7416833 -0.2914043 0.6041436 0 -0.4345978 -3.112834 3.083882 1
v 0.6691306 -0.3228557 0.6693493 0 0 0.9006982 0.4344452 0 -0.7431448 -0.2907006 0.6026847 0 -0.4375551 -3.11242 3.083025 1
v 0.6675077 -0.3234892 0.6706625 0 0 0.9006982 0.4344452 0 -0.7446029 -0.2899956 0.601223 0 -0.4405103 -3.112004 3.082163 1
v 0.6658816 -0.3241211 0.6719726 0 0 0.9006982 0.4344452 0 -0.7460574 -0.2892891 0.5997584 0 -0.4434634 -3.111585 3.081294 1
v 0.6642524 -0.3247514 0.6732795 0 0 0.9006982 0.4344452 0 -0.7475083 -0.2885813 0.598291 0 -0.4464145 -3.111164 3.08042 1
v 0.66262 -0.3253803 0.6745831 0 0 0.9006982 0.4344452 0 -0.7489557 -0.2878721 0.5968207 0 -0.4493633 -3.110739 3.07954 1
v 0.6609845 -0.3260075 0.6758836 0 0 0.9006982 0.4344452 0 -0.7503996 -0.2871616 0.5953476 0 -0.4523101 -3.110312 3.078654 1
v 0.6593458 -0.3266332 0.6771808 0 0 0.9006982 0.4344452 0 -0.7518398 -0.2864496 0.5938716 0 -0.4552547 -3.109882 3.077762 1
v 0.657704 -0.3272574 0.6784748 0 0 0.9006982 0.4344452 0 -0.7532765 -0.2857364 0.5923928 0 -0.4581971 -3.109449 3.076865 1
v 0.656059 -0.32788 0.6797656 0 0 0.9006982 0.4344452 0 -0.7547096 -0.2850217 0.5909112 0 -0.4611374 -3.109013 3.075961 1
v 0.6544109 -0.328501 0.6810532 0 0 0.9006982 0.4344452 0 -0.7561391 -0.2843057 0.5894268 0 -0.4640755 -3.108575 3.075052 1
v 0.6527597 -0.3291205 0.6823375 0 0 0.9006982 0.4344452 0 -0.757565 -0.2835884 0.5879395 0 -0.4670113 -3.108133 3.074138 1
v 0.6511054 -0.3297384 0.6836185 0 0 0.9006982 0.4344452 0 -0.7589873 -0.2828697 0.5864495 0 -0.4699449 -3.107689 3.073217 1
v 0.649448 -0.3303548 0.6848963 0 0 0.9006982 0.4344452 0 -0.760406 -0.2821496 0.5849567 0 -0.4728763 -3.107243 3.072291 1
v 0.6477875 -0.3309695 0.6861709 0 0 0.9006982 0.4344452 0 -0.761821 -0.2814282 0.5834611 0 -0.4758055 -3.106793 3.071359 1
v 0.646124 -0.3315827 0.6874422 0 0 0.9006982 0.4344452 0 -0.7632325 -0.2807055 0.5819627 0 -0.4787323 -3.106341 3.070421 1
v 0.6444573 -0.3321943 0.6887102 0 0 0.9006982 0.4344452 0 -0.7646403 -0.2799814 0.5804616 0 -0.4816569 -3.105886 3.069477 1
v 0.6427876 -0.3328044 0.6899749 0 0 0.9006982 0.4344452 0 -0.7660445 -0.279256 0.5789577 0 -0.4845792 -3.105428 3.068528 1
v 0.6411148 -0.3334128 0.6912363 0 0 0.9006982 0.4344452 0 -0.767445 -0.2785293 0.577451 0 -0.4874992 -3.104967 3.067573 1
v 0.639439 -0.3340197 0.6924945 0 0 0.9006982 0.4344452 0 -0.7688418 -0.2778012 0.5759416 0 -0.4904169 -3.104503 3.066612 1
v 0.6377601 -0.334625 0.6937494 0 0 0.9006982 0.4344452 0 -0.7702351 -0.2770718 0.5744294 0 -0.4933323 -3.104037 3.065645 1
v 0.6360782 -0.3352286 0.6950009 0 0 0.9006982 0.4344452 0 -0.7716246 -0.2763412 0.5729145 0 -0.4962453 -3.103568 3.064673 1
v 0.6343933 -0.3358307 0.6962492 0 0 0.9006982 0.4344452 0 -0.7730105 -0.2756091 0.5713969 0 -0.4991559 -3.103097 3.063695 1
v 0.6327053 -0.3364312 0.6974941 0 0 0.9006982 0.4344452 0 -0.7743927 -0.2748758 0.5698766 0 -0.5020642 -3.102622 3.062711 1
v 0.6310143 -0.3370301 0.6987357 0 0 0.9006982 0.4344452 0 -0.7757712 -0.2741412 0.5683535 0 -0.50497 -3.102145 3.061722 1
v 0.6293204 -0.3376274 0.699974 0 0 0.9006982 0.4344452 0 -0.777146 -0.2734052 0.5668278 0 -0.5078735 -3.101665 3.060727 1
v 0.6276234 -0.338223 0.701209 0 0 0.9006982 0.4344452 0 -0.7785171 -0.272668 0.5652993 0 -0.5107745 -3.101182 3.059726 1
v 0.6259235 -0.3388171 0.7024406 0 0 0.9006982 0.4344452 0 -0.7798845 -0.2719295 0.5637682 0 -0.5136732 -3.100697 3.058719 1
v 0.6242205 -0.3394096 0.7036689 0 0 0.9006982 0.4344452 0 -0.7812482 -0.2711896 0.5622343 0 -0.5165693 -3.100208 3.057707 1
v 0.6225146 -0.3400004 0.7048938 0 0 0.9006982 0.4344452 0 -0.7826082 -0.2704485 0.5606978 0 -0.519463 -3.099717 3.056689 1
v 0.6208058 -0.3405896 0.7061154 0 0 0.9006982 0.4344452 0 -0.7839644 -0.2697061 0.5591587 0 -0.5223543 -3.099224 3.055666 1
