# generated by tools/sample_orbit_path.py
# orbit_json: ../tools/benchmark_path_salad.json
# frames: 2880  span_deg: -360.000  az_start: -101.750
# notes: Orbit inferred from a single calibrated pose by orbit_from_pose.py. look_at source: closest-point-on-ray-to-origin. camera_y / radius come from the anchor pose; axis snapped to +Y.
fov_half_rad: 0.524
ply: data/salad.ply
v 0.9790455 -0.07710867 0.1884787 0 0 0.9255405 0.3786486 0 -0.2036418 -0.3707142 0.9061462 0 0.2639599 -1.273575 3.068258 1
v 0.9785989 -0.07791726 0.1904552 0 0 0.9255405 0.3786486 0 -0.2057772 -0.3705451 0.9057329 0 0.2629072 -1.273793 3.06879 1
v 0.9781476 -0.07872548 0.1924307 0 0 0.9255405 0.3786486 0 -0.2079117 -0.3703742 0.9053152 0 0.2618532 -1.274009 3.069319 1
v 0.9776917 -0.07953332 0.1944053 0 0 0.9255405 0.3786486 0 -0.2100452 -0.3702016 0.9048932 0 0.260798 -1.274225 3.069847 1
v 0.9772311 -0.08034079 0.196379 0 0 0.9255405 0.3786486 0 -0.2121777 -0.3700272 0.904467 0 0.2597416 -1.27444 3.070373 1
v 0.9767659 -0.08114787 0.1983518 0 0 0.9255405 0.3786486 0 -0.2143092 -0.369851 0.9040364 0 0.2586839 -1.274654 3.070896 1
v 0.976296 -0.08195457 0.2003236 0 0 0.9255405 0.3786486 0 -0.2164396 -0.3696731 0.9036015 0 0.257625 -1.274868 3.071417 1
v 0.9758215 -0.08276087 0.2022945 0 0 0.9255405 0.3786486 0 -0.2185691 -0.3694935 0.9031623 0 0.2565648 -1.27508 3.071936 1
v 0.9753423 -0.08356679 0.2042644 0 0 0.9255405 0.3786486 0 -0.2206975 -0.369312 0.9027188 0 0.2555035 -1.275292 3.072453 1
v 0.9748585 -0.0843723 0.2062334 0 0 0.9255405 0.3786486 0 -0.2228248 -0.3691288 0.902271 0 0.2544409 -1.275502 3.072968 1
v 0.9743701 -0.08517741 0.2082013 0 0 0.9255405 0.3786486 0 -0.2249511 -0.3689439 0.901819 0 0.2533771 -1.275712 3.073481 1
v 0.973877 -0.08598212 0.2101683 0 0 0.9255405 0.3786486 0 -0.2270763 -0.3687572 0.9013626 0 0.2523121 -1.275921 3.073991 1
v 0.9733793 -0.08678642 0.2121343 0 0 0.9255405 0.3786486 0 -0.2292004 -0.3685687 0.9009019 0 0.2512459 -1.276129 3.0745 1
v 0.9728769 -0.0875903 0.2140992 0 0 0.9255405 0.3786486 0 -0.2313234 -0.3683785 0.900437 0 0.2501785 -1.276336 3.075006 1
v 0.9723699 -0.08839377 0.2160632 0 0 0.9255405 0.3786486 0 -0.2334454 -0.3681865 0.8999677 0 0.2491099 -1.276542 3.07551 1
v 0.9718583 -0.08919682 0.2180261 0 0 0.9255405 0.3786486 0 -0.2355662 -0.3679928 0.8994942 0 0.2480402 -1.276748 3.076012 1
v 0.9713421 -0.08999944 0.2199879 0 0 0.9255405 0.3786486 0 -0.2376859 -0.3677973 0.8990164 0 0.2469692 -1.276952 3.076512 1
v 0.9708212 -0.09080164 0.2219488 0 0 0.9255405 0.3786486 0 -0.2398045 -0.3676001 0.8985343 0 0.2458971 -1.277156 3.07701 1
v 0.9702957 -0.0916034 0.2239085 0 0 0.9255405 0.3786486 0 -0.2419219 -0.3674011 0.898048 0 0.2448238 -1.277358 3.077505 1
v 0.9697656 -0.09240472 0.2258672 0 0 0.9255405 0.3786486 0 -0.2440382 -0.3672004 0.8975574 0 0.2437493 -1.27756 3.077998 1
v 0.9692309 -0.09320561 0.2278249 0 0 0.9255405 0.3786486 0 -0.2461533 -0.3669979 0.8970625 0 0.2426737 -1.277761 3.078489 1
v 0.9686916 -0.09400605 0.2297814 0 0 0.9255405 0.3786486 0 -0.2482673 -0.3667937 0.8965633 0 0.241597 -1.277961 3.078978 1
v 0.9681476 -0.09480605 0.2317369 0 0 0.9255405 0.3786486 0 -0.25038 -0.3665878 0.8960599 0 0.240519 -1.27816 3.079465 1
v 0.9675991 -0.09560559 0.2336912 0 0 0.9255405 0.3786486 0 -0.2524916 -0.3663801 0.8955521 0 0.23944 -1.278358 3.07995 1
v 0.9670459 -0.09640468 0.2356444 0 0 0.9255405 0.3786486 0 -0.254602 -0.3661706 0.8950402 0 0.2383598 -1.278556 3.080432 1
v 0.9664882 -0.09720331 0.2375965 0 0 0.9255405 0.3786486 0 -0.2567111 -0.3659594 0.894524 0 0.2372784 -1.278752 3.080912 1
v 0.9659258 -0.09800148 0.2395475 0 0 0.9255405 0.3786486 0 -0.2588191 -0.3657465 0.8940035 0 0.2361959 -1.278948 3.08139 1
v 0.9653589 -0.09879918 0.2414974 0 0 0.9255405 0.3786486 0 -0.2609258 -0.3655318 0.8934787 0 0.2351123 -1.279142 3.081866 1
v 0.9647873 -0.09959641 0.2434461 0 0 0.9255405 0.3786486 0 -0.2630312 -0.3653154 0.8929497 0 0.2340276 -1.279336 3.08234 1
v 0.9642112 -0.1003932 0.2453936 0 0 0.9255405 0.3786486 0 -0.2651354 -0.3650972 0.8924165 0 0.2329418 -1.279529 3.082811 1
v 0.9636304 -0.1011894 0.24734 0 0 0.9255405 0.3786486 0 -0.2672384 -0.3648773 0.891879 0 0.2318549 -1.279721 3.08328 1
v 0.9630451 -0.1019852 0.2492851 0 0 0.9255405 0.3786486 0 -0.2693401 -0.3646557 0.8913373 0 0.2307668 -1.279912 3.083747 1
v 0.9624552 -0.1027806 0.2512291 0 0 0.9255405 0.3786486 0 -0.2714405 -0.3644323 0.8907913 0 0.2296777 -1.280102 3.084212 1
v 0.9618607 -0.1035754 0.253172 0 0 0.9255405 0.3786486 0 -0.2735396 -0.3642072 0.8902411 0 0.2285874 -1.280292 3.084675 1
v 0.9612617 -0.1043697 0.2551136 0 0 0.9255405 0.3786486 0 -0.2756374 -0.3639804 0.8896866 0 0.2274961 -1.28048 3.085135 1
v 0.9606581 -0.1051635 0.2570539 0 0 0.9255405 0.3786486 0 -0.2777339 -0.3637518 0.8891279 0 0.2264037 -1.280667 3.085594 1
v 0.9600498 -0.1059569 0.2589931 0 0 0.9255405 0.3786486 0 -0.279829 -0.3635215 0.888565 0 0.2253102 -1.280854 3.08605 1
v 0.9594371 -0.1067497 0.260931 0 0 0.9255405 0.3786486 0 -0.2819229 -0.3632895 0.8879979 0 0.2242157 -1.28104 3.086504 1
v 0.9588197 -0.107542 0.2628677 0 0 0.9255405 0.3786486 0 -0.2840154 -0.3630558 0.8874265 0 0.2231201 -1.281224 3.086955 1
v 0.9581978 -0.1083338 0.2648032 0 0 0.9255405 0.3786486 0 -0.2861065 -0.3628203 0.8868509 0 0.2220234 -1.281408 3.087405 1
v 0.9575714 -0.1091251 0.2667373 0 0 0.9255405 0.3786486 0 -0.2881963 -0.3625831 0.8862711 0 0.2209256 -1.281591 3.087852 1
v 0.9569403 -0.1099159 0.2686702 0 0 0.9255405 0.3786486 0 -0.2902847 -0.3623441 0.885687 0 0.2198269 -1.281773 3.088297 1
v 0.9563047 -0.1107061 0.2706019 0 0 0.9255405 0.3786486 0 -0.2923717 -0.3621035 0.8850988 0 0.218727 -1.281954 3.08874 1
v 0.9556646 -0.1114959 0.2725322 0 0 0.9255405 0.3786486 0 -0.2944574 -0.3618611 0.8845063 0 0.2176261 -1.282135 3.08918 1
v 0.9550199 -0.1122851 0.2744613 0 0 0.9255405 0.3786486 0 -0.2965416 -0.361617 0.8839096 0 0.2165242 -1.282314 3.089618 1
v 0.9543707 -0.1130737 0.276389 0 0 0.9255405 0.3786486 0 -0.2986244 -0.3613711 0.8833088 0 0.2154213 -1.282492 3.090055 1
v 0.9537169 -0.1138618 0.2783154 0 0 0.9255405 0.3786486 0 -0.3007058 -0.3611236 0.8827037 0 0.2143173 -1.28267 3.090488 1
v 0.9530586 -0.1146494 0.2802405 0 0 0.9255405 0.3786486 0 -0.3027858 -0.3608743 0.8820944 0 0.2132123 -1.282847 3.09092 1
v 0.9523958 -0.1154365 0.2821643 0 0 0.9255405 0.3786486 0 -0.3048643 -0.3606233 0.8814809 0 0.2121063 -1.283022 3.09135 1
v 0.9517284 -0.1162229 0.2840867 0 0 0.9255405 0.3786486 0 -0.3069414 -0.3603706 0.8808632 0 0.2109993 -1.283197 3.091777 1
v 0.9510565 -0.1170089 0.2860078 0 0 0.9255405 0.3786486 0 -0.309017 -0.3601162 0.8802413 0 0.2098913 -1.283371 3.092202 1
v 0.9503801 -0.1177942 0.2879275 0 0 0.9255405 0.3786486 0 -0.3110912 -0.3598601 0.8796153 0 0.2087823 -1.283544 3.092624 1
v 0.9496991 -0.118579 0.2898458 0 0 0.9255405 0.3786486 0 -0.3131638 -0.3596023 0.878985 0 0.2076722 -1.283716 3.093045 1
v 0.9490136 -0.1193633 0.2917628 0 0 0.9255405 0.3786486 0 -0.315235 -0.3593427 0.8783506 0 0.2065612 -1.283887 3.093463 1
v 0.9483236 -0.120147 0.2936783 0 0 0.9255405 0.3786486 0 -0.3173047 -0.3590814 0.8777119 0 0.2054493 -1.284057 3.093879 1
v 0.9476291 -0.1209301 0.2955925 0 0 0.9255405 0.3786486 0 -0.3193728 -0.3588185 0.8770692 0 0.2043363 -1.284226 3.094293 1
v 0.9469301 -0.1217126 0.2975053 0 0 0.9255405 0.3786486 0 -0.3214395 -0.3585538 0.8764222 0 0.2032224 -1.284395 3.094704 1
v 0.9462266 -0.1224946 0.2994166 0 0 0.9255405 0.3786486 0 -0.3235046 -0.3582874 0.875771 0 0.2021075 -1.284562 3.095113 1
v 0.9455186 -0.1232759 0.3013265 0 0 0.9255405 0.3786486 0 -0.3255682 -0.3580193 0.8751157 0 0.2009916 -1.284729 3.09552 1
v 0.944806 -0.1240567 0.303235 0 0 0.9255405 0.3786486 0 -0.3276302 -0.3577495 0.8744563 0 0.1998748 -1.284894 3.095925 1
v 0.944089 -0.1248369 0.3051421 0 0 0.9255405 0.3786486 0 -0.3296907 -0.357478 0.8737926 0 0.198757 -1.285059 3.096328 1
v 0.9433675 -0.1256165 0.3070477 0 0 0.9255405 0.3786486 0 -0.3317496 -0.3572048 0.8731248 0 0.1976383 -1.285222 3.096728 1
v 0.9426415 -0.1263955 0.3089518 0 0 0.9255405 0.3786486 0 -0.3338069 -0.3569299 0.8724529 0 0.1965186 -1.285385 3.097126 1
v 0.941911 -0.1271739 0.3108544 0 0 0.9255405 0.3786486 0 -0.3358626 -0.3566533 0.8717768 0 0.195398 -1.285547 3.097521 1
v 0.941176 -0.1279517 0.3127556 0 0 0.9255405 0.3786486 0 -0.3379167 -0.356375 0.8710965 0 0.1942765 -1.285708 3.097915 1
v 0.9404365 -0.1287289 0.3146553 0 0 0.9255405 0.3786486 0 -0.3399693 -0.356095 0.8704121 0 0.1931541 -1.285868 3.098306 1
v 0.9396926 -0.1295055 0.3165535 0 0 0.9255405 0.3786486 0 -0.3420202 -0.3558133 0.8697236 0 0.1920307 -1.286027 3.098695 1
v 0.9389442 -0.1302814 0.3184502 0 0 0.9255405 0.3786486 0 -0.3440694 -0.3555299 0.8690309 0 0.1909064 -1.286185 3.099081 1
v 0.9381913 -0.1310568 0.3203454 0 0 0.9255405 0.3786486 0 -0.3461171 -0.3552448 0.8683341 0 0.1897812 -1.286343 3.099466 1
v 0.937434 -0.1318315 0.322239 0 0 0.9255405 0.3786486 0 -0.3481631 -0.3549581 0.8676331 0 0.1886551 -1.286499 3.099848 1
v 0.9366722 -0.1326055 0.3241311 0 0 0.9255405 0.3786486 0 -0.3502074 -0.3546696 0.866928 0 0.1875281 -1.286654 3.100228 1
v 0.9359059 -0.133379 0.3260217 0 0 0.9255405 0.3786486 0 -0.3522501 -0.3543795 0.8662188 0 0.1864003 -1.286809 3.100605 1
v 0.9351352 -0.1341518 0.3279107 0 0 0.9255405 0.3786486 0 -0.3542911 -0.3540876 0.8655055 0 0.1852715 -1.286962 3.10098 1
v 0.93436 -0.134924 0.3297982 0 0 0.9255405 0.3786486 0 -0.3563304 -0.3537941 0.8647881 0 0.1841418 -1.287115 3.101353 1
v 0.9335804 -0.1356955 0.3316841 0 0 0.9255405 0.3786486 0 -0.358368 -0.3534989 0.8640665 0 0.1830113 -1.287267 3.101724 1
v 0.9327964 -0.1364664 0.3335684 0 0 0.9255405 0.3786486 0 -0.3604039 -0.3532021 0.8633408 0 0.1818799 -1.287417 3.102092 1
v 0.9320079 -0.1372367 0.3354511 0 0 0.9255405 0.3786486 0 -0.3624381 -0.3529035 0.862611 0 0.1807476 -1.287567 3.102459 1
v 0.9312149 -0.1380063 0.3373322 0 0 0.9255405 0.3786486 0 -0.3644705 -0.3526032 0.8618771 0 0.1796145 -1.287716 3.102822 1
v 0.9304176 -0.1387752 0.3392117 0 0 0.9255405 0.3786486 0 -0.3665012 -0.3523013 0.8611391 0 0.1784805 -1.287864 3.103184 1
v 0.9296158 -0.1395435 0.3410897 0 0 0.9255405 0.3786486 0 -0.3685302 -0.3519977 0.860397 0 0.1773457 -1.288011 3.103543 1
v 0.9288095 -0.1403111 0.3429659 0 0 0.9255405 0.3786486 0 -0.3705575 -0.3516924 0.8596509 0 0.17621 -1.288157 3.1039 1
v 0.9279989 -0.141078 0.3448406 0 0 0.9255405 0.3786486 0 -0.3725829 -0.3513855 0.8589006 0 0.1750735 -1.288302 3.104255 1
v 0.9271838 -0.1418443 0.3467136 0 0 0.9255405 0.3786486 0 -0.3746066 -0.3510769 0.8581462 0 0.1739362 -1.288446 3.104607 1
v 0.9263644 -0.1426099 0.348585 0 0 0.9255405 0.3786486 0 -0.3766285 -0.3507666 0.8573878 0 0.172798 -1.288589 3.104957 1
v 0.9255405 -0.1433748 0.3504546 0 0 0.9255405 0.3786486 0 -0.3786486 -0.3504546 0.8566252 0 0.171659 -1.288732 3.105305 1
v 0.9247122 -0.144139 0.3523227 0 0 0.9255405 0.3786486 0 -0.3806669 -0.350141 0.8558586 0 0.1705192 -1.288873 3.10565 1
v 0.9238795 -0.1449026 0.354189 0 0 0.9255405 0.3786486 0 -0.3826835 -0.3498257 0.8550879 0 0.1693786 -1.289013 3.105994 1
v 0.9230424 -0.1456654 0.3560537 0 0 0.9255405 0.3786486 0 -0.3846981 -0.3495087 0.8543132 0 0.1682371 -1.289153 3.106334 1
v 0.922201 -0.1464276 0.3579167 0 0 0.9255405 0.3786486 0 -0.386711 -0.3491901 0.8535343 0 0.1670949 -1.289291 3.106673 1
v 0.9213551 -0.147189 0.3597779 0 0 0.9255405 0.3786486 0 -0.388722 -0.3488698 0.8527515 0 0.1659519 -1.289429 3.107009 1
v 0.9205048 -0.1479498 0.3616375 0 0 0.9255405 0.3786486 0 -0.3907311 -0.3485479 0.8519645 0 0.1648081 -1.289565 3.107343 1
v 0.9196502 -0.1487099 0.3634953 0 0 0.9255405 0.3786486 0 -0.3927384 -0.3482243 0.8511735 0 0.1636635 -1.289701 3.107675 1
v 0.9187912 -0.1494692 0.3653514 0 0 0.9255405 0.3786486 0 -0.3947439 -0.347899 0.8503785 0 0.1625181 -1.289836 3.108004 1
v 0.9179278 -0.1502279 0.3672058 0 0 0.9255405 0.3786486 0 -0.3967474 -0.3475721 0.8495794 0 0.1613719 -1.28997 3.108331 1
v 0.9170601 -0.1509858 0.3690584 0 0 0.9255405 0.3786486 0 -0.3987491 -0.3472435 0.8487762 0 0.160225 -1.290102 3.108656 1
v 0.9161879 -0.151743 0.3709093 0 0 0.9255405 0.3786486 0 -0.4007489 -0.3469133 0.8479691 0 0.1590773 -1.290234 3.108978 1
v 0.9153115 -0.1524995 0.3727584 0 0 0.9255405 0.3786486 0 -0.4027467 -0.3465814 0.8471578 0 0.1579289 -1.290365 3.109298 1
v 0.9144306 -0.1532552 0.3746057 0 0 0.9255405 0.3786486 0 -0.4047426 -0.3462479 0.8463426 0 0.1567797 -1.290495 3.109616 1
v 0.9135454 -0.1540103 0.3764513 0 0 0.9255405 0.3786486 0 -0.4067367 -0.3459127 0.8455233 0 0.1556297 -1.290624 3.109931 1
v 0.9126559 -0.1547646 0.378295 0 0 0.9255405 0.3786486 0 -0.4087287 -0.3455759 0.8447 0 0.154479 -1.290752 3.110244 1
v 0.911762 -0.1555181 0.380137 0 0 0.9255405 0.3786486 0 -0.4107189 -0.3452374 0.8438727 0 0.1533276 -1.290879 3.110555 1
v 0.9108638 -0.156271 0.3819771 0 0 0.9255405 0.3786486 0 -0.412707 -0.3448973 0.8430414 0 0.1521755 -1.291006 3.110864 1
v 0.9099613 -0.157023 0.3838154 0 0 0.9255405 0.3786486 0 -0.4146933 -0.3445556 0.842206 0 0.1510226 -1.291131 3.11117 1
v 0.9090544 -0.1577744 0.3856519 0 0 0.9255405 0.3786486 0 -0.4166775 -0.3442122 0.8413666 0 0.149869 -1.291255 3.111474 1
v 0.9081432 -0.1585249 0.3874866 0 0 0.9255405 0.3786486 0 -0.4186598 -0.3438672 0.8405233 0 0.1487147 -1.291379 3.111775 1
v 0.9072276 -0.1592748 0.3893194 0 0 0.9255405 0.3786486 0 -0.42064 -0.3435205 0.8396759 0 0.1475597 -1.291501 3.112074 1
v 0.9063078 -0.1600238 0.3911503 0 0 0.9255405 0.3786486 0 -0.4226183 -0.3431722 0.8388246 0 0.146404 -1.291622 3.112371 1
v 0.9053836 -0.1607721 0.3929794 0 0 0.9255405 0.3786486 0 -0.4245945 -0.3428223 0.8379692 0 0.1452476 -1.291743 3.112665 1
v 0.9044551 -0.1615197 0.3948067 0 0 0.9255405 0.3786486 0 -0.4265688 -0.3424707 0.8371099 0 0.1440905 -1.291862 3.112958 1
v 0.9035224 -0.1622664 0.396632 0 0 0.9255405 0.3786486 0 -0.428541 -0.3421175 0.8362465 0 0.1429327 -1.291981 3.113247 1
v 0.9025853 -0.1630124 0.3984555 0 0 0.9255405 0.3786486 0 -0.4305111 -0.3417627 0.8353792 0 0.1417742 -1.292098 3.113535 1
v 0.9016439 -0.1637577 0.400277 0 0 0.9255405 0.3786486 0 -0.4324792 -0.3414062 0.8345079 0 0.1406151 -1.292215 3.11382 1
v 0.9006982 -0.1645021 0.4020967 0 0 0.9255405 0.3786486 0 -0.4344453 -0.3410481 0.8336327 0 0.1394553 -1.292331 3.114103 1
v 0.8997483 -0.1652458 0.4039144 0 0 0.9255405 0.3786486 0 -0.4364093 -0.3406884 0.8327535 0 0.1382948 -1.292445 3.114383 1
v 0.898794 -0.1659886 0.4057303 0 0 0.9255405 0.3786486 0 -0.4383712 -0.3403271 0.8318703 0 0.1371337 -1.292559 3.114661 1
v 0.8978355 -0.1667307 0.4075442 0 0 0.9255405 0.3786486 0 -0.440331 -0.3399642 0.8309831 0 0.1359719 -1.292672 3.114937 1
v 0.8968727 -0.167472 0.4093561 0 0 0.9255405 0.3786486 0 -0.4422887 -0.3395996 0.830092 0 0.1348095 -1.292784 3.11521 1
v 0.8959057 -0.1682125 0.4111661 0 0 0.9255405 0.3786486 0 -0.4442443 -0.3392334 0.829197 0 0.1336464 -1.292895 3.115481 1
v 0.8949344 -0.1689522 0.4129742 0 0 0.9255405 0.3786486 0 -0.4461978 -0.3388657 0.828298 0 0.1324827 -1.293005 3.11575 1
v 0.8939588 -0.1696911 0.4147802 0 0 0.9255405 0.3786486 0 -0.4481492 -0.3384963 0.8273951 0 0.1313183 -1.293114 3.116016 1
v 0.8929789 -0.1704292 0.4165844 0 0 0.9255405 0.3786486 0 -0.4500985 -0.3381252 0.8264882 0 0.1301534 -1.293222 3.11628 1
v 0.8919948 -0.1711664 0.4183865 0 0 0.9255405 0.3786486 0 -0.4520456 -0.3377526 0.8255774 0 0.1289878 -1.293329 3.116542 1
v 0.8910065 -0.1719029 0.4201866 0 0 0.9255405 0.3786486 0 -0.4539905 -0.3373784 0.8246626 0 0.1278216 -1.293435 3.116801 1
v 0.8900139 -0.1726385 0.4219847 0 0 0.9255405 0.3786486 0 -0.4559333 -0.3370025 0.823744 0 0.1266548 -1.29354 3.117058 1
v 0.8890171 -0.1733733 0.4237809 0 0 0.9255405 0.3786486 0 -0.4578739 -0.3366251 0.8228214 0 0.1254874 -1.293644 3.117313 1
v 0.8880161 -0.1741073 0.425575 0 0 0.9255405 0.3786486 0 -0.4598124 -0.3362461 0.8218949 0 0.1243193 -1.293747 3.117565 1
v 0.8870108 -0.1748405 0.4273671 0 0 0.9255405 0.3786486 0 -0.4617486 -0.3358654 0.8209644 0 0.1231507 -1.293849 3.117815 1
v 0.8860013 -0.1755728 0.4291571 0 0 0.9255405 0.3786486 0 -0.4636827 -0.3354832 0.8200301 0 0.1219816 -1.293951 3.118062 1
v 0.8849876 -0.1763043 0.4309451 0 0 0.9255405 0.3786486 0 -0.4656145 -0.3350993 0.8190919 0 0.1208118 -1.294051 3.118307 1
v 0.8839697 -0.177035 0.4327311 0 0 0.9255405 0.3786486 0 -0.4675442 -0.3347139 0.8181498 0 0.1196415 -1.29415 3.11855 1
v 0.8829476 -0.1777648 0.434515 0 0 0.9255405 0.3786486 0 -0.4694716 -0.3343269 0.8172038 0 0.1184705 -1.294249 3.11879 1
v 0.8819213 -0.1784937 0.4362968 0 0 0.9255405 0.3786486 0 -0.4713968 -0.3339383 0.8162538 0 0.1172991 -1.294346 3.119029 1
v 0.8808907 -0.1792218 0.4380765 0 0 0.9255405 0.3786486 0 -0.4733197 -0.3335481 0.8153 0 0.116127 -1.294442 3.119264 1
v 0.879856 -0.1799491 0.4398542 0 0 0.9255405 0.3786486 0 -0.4752404 -0.3331563 0.8143424 0 0.1149544 -1.294538 3.119497 1
v 0.8788171 -0.1806755 0.4416298 0 0 0.9255405 0.3786486 0 -0.4771588 -0.3327629 0.8133808 0 0.1137813 -1.294632 3.119728 1
v 0.877774 -0.1814011 0.4434032 0 0 0.9255405 0.3786486 0 -0.4790749 -0.3323679 0.8124154 0 0.1126076 -1.294726 3.119957 1
v 0.8767267 -0.1821257 0.4451746 0 0 0.9255405 0.3786486 0 -0.4809888 -0.3319714 0.8114461 0 0.1114334 -1.294818 3.120183 1
v 0.8756753 -0.1828496 0.4469438 0 0 0.9255405 0.3786486 0 -0.4829004 -0.3315732 0.810473 0 0.1102587 -1.29491 3.120407 1
v 0.8746197 -0.1835725 0.448711 0 0 0.9255405 0.3786486 0 -0.4848096 -0.3311735 0.809496 0 0.1090834 -1.295001 3.120628 1
v 0.8735599 -0.1842946 0.4504759 0 0 0.9255405 0.3786486 0 -0.4867166 -0.3307723 0.8085151 0 0.1079076 -1.29509 3.120848 1
v 0.872496 -0.1850158 0.4522388 0 0 0.9255405 0.3786486 0 -0.4886213 -0.3303694 0.8075304 0 0.1067313 -1.295179 3.121064 1
v 0.8714279 -0.1857361 0.4539994 0 0 0.9255405 0.3786486 0 -0.4905236 -0.329965 0.8065418 0 0.1055545 -1.295267 3.121279 1
v 0.8703557 -0.1864555 0.455758 0 0 0.9255405 0.3786486 0 -0.4924236 -0.329559 0.8055494 0 0.1043772 -1.295353 3.12149 1
v 0.8692793 -0.187174 0.4575143 0 0 0.9255405 0.3786486 0 -0.4943212 -0.3291514 0.8045532 0 0.1031994 -1.295439 3.1217 1
v 0.8681988 -0.1878917 0.4592685 0 0 0.9255405 0.3786486 0 -0.4962165 -0.3287423 0.8035532 0 0.1020211 -1.295524 3.121907 1
v 0.8671142 -0.1886085 0.4610205 0 0 0.9255405 0.3786486 0 -0.4981095 -0.3283316 0.8025493 0 0.1008423 -1.295608 3.122112 1
v 0.8660254 -0.1893243 0.4627703 0 0 0.9255405 0.3786486 0 -0.5 -0.3279193 0.8015416 0 0.09966307 -1.29569 3.122315 1
v 0.8649325 -0.1900393 0.4645179 0 0 0.9255405 0.3786486 0 -0.5018882 -0.3275055 0.8005301 0 0.09848334 -1.295772 3.122515 1
v 0.8638355 -0.1907533 0.4662632 0 0 0.9255405 0.3786486 0 -0.503774 -0.3270901 0.7995147 0 0.09730313 -1.295853 3.122712 1
v 0.8627344 -0.1914665 0.4680064 0 0 0.9255405 0.3786486 0 -0.5056574 -0.3266732 0.7984956 0 0.09612246 -1.295933 3.122908 1
v 0.8616292 -0.1921787 0.4697473 0 0 0.9255405 0.3786486 0 -0.5075384 -0.3262547 0.7974727 0 0.09494133 -1.296012 3.1231 1
v 0.8605198 -0.19289 0.471486 0 0 0.9255405 0.3786486 0 -0.509417 -0.3258346 0.796446 0 0.09375976 -1.29609 3.123291 1
v 0.8594064 -0.1936004 0.4732225 0 0 0.9255405 0.3786486 0 -0.5112931 -0.325413 0.7954154 0 0.09257773 -1.296167 3.123479 1
v 0.8582889 -0.1943099 0.4749567 0 0 0.9255405 0.3786486 0 -0.5131668 -0.3249899 0.7943811 0 0.09139527 -1.296243 3.123665 1
v 0.8571673 -0.1950185 0.4766886 0 0 0.9255405 0.3786486 0 -0.5150381 -0.3245652 0.793343 0 0.09021237 -1.296318 3.123848 1
v 0.8560416 -0.1957261 0.4784183 0 0 0.9255405 0.3786486 0 -0.5169069 -0.324139 0.7923012 0 0.08902904 -1.296392 3.124029 1
v 0.8549119 -0.1964328 0.4801457 0 0 0.9255405 0.3786486 0 -0.5187733 -0.3237112 0.7912556 0 0.08784528 -1.296465 3.124208 1
v 0.853778 -0.1971385 0.4818708 0 0 0.9255405 0.3786486 0 -0.5206372 -0.3232819 0.7902062 0 0.08666111 -1.296537 3.124384 1
v 0.8526402 -0.1978434 0.4835936 0 0 0.9255405 0.3786486 0 -0.5224986 -0.322851 0.789153 0 0.08547653 -1.296608 3.124558 1
v 0.8514982 -0.1985472 0.4853141 0 0 0.9255405 0.3786486 0 -0.5243575 -0.3224186 0.7880961 0 0.08429154 -1.296678 3.124729 1
v 0.8503522 -0.1992502 0.4870323 0 0 0.9255405 0.3786486 0 -0.5262139 -0.3219847 0.7870354 0 0.08310614 -1.296747 3.124898 1
v 0.8492022 -0.1999522 0.4887482 0 0 0.9255405 0.3786486 0 -0.5280679 -0.3215492 0.785971 0 0.08192036 -1.296815 3.125065 1
v 0.8480481 -0.2006532 0.4904618 0 0 0.9255405 0.3786486 0 -0.5299193 -0.3211122 0.7849029 0 0.08073418 -1.296883 3.125229 1
v 0.84689 -0.2013533 0.492173 0 0 0.9255405 0.3786486 0 -0.5317682 -0.3206737 0.783831 0 0.07954762 -1.296949 3.125391 1
v 0.8457278 -0.2020524 0.4938819 0 0 0.9255405 0.3786486 0 -0.5336145 -0.3202337 0.7827553 0 0.07836068 -1.297014 3.12555 1
v 0.8445616 -0.2027506 0.4955884 0 0 0.9255405 0.3786486 0 -0.5354584 -0.3197921 0.781676 0 0.07717336 -1.297078 3.125707 1
v 0.8433914 -0.2034478 0.4972926 0 0 0.9255405 0.3786486 0 -0.5372996 -0.319349 0.7805929 0 0.07598568 -1.297142 3.125862 1
v 0.8422172 -0.204144 0.4989944 0 0 0.9255405 0.3786486 0 -0.5391383 -0.3189044 0.7795062 0 0.07479764 -1.297204 3.126014 1
v 0.841039 -0.2048392 0.5006938 0 0 0.9255405 0.3786486 0 -0.5409745 -0.3184583 0.7784157 0 0.07360924 -1.297265 3.126164 1
v 0.8398568 -0.2055335 0.5023908 0 0 0.9255405 0.3786486 0 -0.5428081 -0.3180106 0.7773215 0 0.07242049 -1.297325 3.126311 1
v 0.8386706 -0.2062268 0.5040855 0 0 0.9255405 0.3786486 0 -0.5446391 -0.3175614 0.7762236 0 0.0712314 -1.297385 3.126456 1
v 0.8374803 -0.2069191 0.5057778 0 0 0.9255405 0.3786486 0 -0.5464674 -0.3171108 0.775122 0 0.07004197 -1.297443 3.126599 1
v 0.8362861 -0.2076105 0.5074676 0 0 0.9255405 0.3786486 0 -0.5482932 -0.3166586 0.7740167 0 0.0688522 -1.297501 3.126739 1
v 0.835088 -0.2083008 0.509155 0 0 0.9255405 0.3786486 0 -0.5501164 -0.3162049 0.7729077 0 0.06766211 -1.297557 3.126877 1
v 0.8338858 -0.2089902 0.5108401 0 0 0.9255405 0.3786486 0 -0.551937 -0.3157497 0.7717951 0 0.06647169 -1.297612 3.127012 1
v 0.8326797 -0.2096785 0.5125226 0 0 0.9255405 0.3786486 0 -0.5537549 -0.315293 0.7706788 0 0.06528096 -1.297667 3.127145 1
v 0.8314696 -0.2103659 0.5142028 0 0 0.9255405 0.3786486 0 -0.5555703 -0.3148348 0.7695588 0 0.06408992 -1.29772 3.127276 1
v 0.8302556 -0.2110523 0.5158805 0 0 0.9255405 0.3786486 0 -0.5573829 -0.3143751 0.7684351 0 0.06289857 -1.297773 3.127404 1
v 0.8290376 -0.2117376 0.5175557 0 0 0.9255405 0.3786486 0 -0.5591929 -0.3139139 0.7673078 0 0.06170692 -1.297824 3.12753 1
v 0.8278156 -0.212422 0.5192285 0 0 0.9255405 0.3786486 0 -0.5610003 -0.3134512 0.7661769 0 0.06051498 -1.297875 3.127653 1
v 0.8265897 -0.2131053 0.5208988 0 0 0.9255405 0.3786486 0 -0.5628049 -0.3129871 0.7650423 0 0.05932275 -1.297924 3.127774 1
v 0.8253599 -0.2137876 0.5225666 0 0 0.9255405 0.3786486 0 -0.5646069 -0.3125214 0.763904 0 0.05813024 -1.297973 3.127893 1
v 0.8241262 -0.2144689 0.5242319 0 0 0.9255405 0.3786486 0 -0.5664063 -0.3120542 0.7627622 0 0.05693745 -1.29802 3.128009 1
v 0.8228885 -0.2151492 0.5258948 0 0 0.9255405 0.3786486 0 -0.5682029 -0.3115856 0.7616166 0 0.0557444 -1.298067 3.128123 1
v 0.8216469 -0.2158285 0.5275551 0 0 0.9255405 0.3786486 0 -0.5699968 -0.3111155 0.7604675 0 0.05455107 -1.298112 3.128234 1
v 0.8204014 -0.2165067 0.5292129 0 0 0.9255405 0.3786486 0 -0.571788 -0.3106439 0.7593148 0 0.05335749 -1.298157 3.128343 1
v 0.819152 -0.2171839 0.5308682 0 0 0.9255405 0.3786486 0 -0.5735765 -0.3101708 0.7581584 0 0.05216365 -1.2982 3.12845 1
v 0.8178987 -0.2178601 0.532521 0 0 0.9255405 0.3786486 0 -0.5753622 -0.3096962 0.7569984 0 0.05096956 -1.298243 3.128554 1
v 0.8166415 -0.2185352 0.5341713 0 0 0.9255405 0.3786486 0 -0.5771452 -0.3092202 0.7558348 0 0.04977524 -1.298285 3.128656 1
v 0.8153805 -0.2192093 0.535819 0 0 0.9255405 0.3786486 0 -0.5789255 -0.3087427 0.7546676 0 0.04858067 -1.298325 3.128755 1
v 0.8141155 -0.2198824 0.5374641 0 0 0.9255405 0.3786486 0 -0.580703 -0.3082637 0.7534969 0 0.04738587 -1.298365 3.128852 1
v 0.8128467 -0.2205544 0.5391067 0 0 0.9255405 0.3786486 0 -0.5824777 -0.3077833 0.7523225 0 0.04619085 -1.298403 3.128946 1
v 0.811574 -0.2212253 0.5407467 0 0 0.9255405 0.3786486 0 -0.5842497 -0.3073014 0.7511446 0 0.04499561 -1.298441 3.129038 1
v 0.8102974 -0.2218952 0.5423842 0 0 0.9255405 0.3786486 0 -0.5860189 -0.306818 0.7499631 0 0.04380015 -1.298478 3.129128 1
v 0.809017 -0.2225641 0.5440191 0 0 0.9255405 0.3786486 0 -0.5877853 -0.3063332 0.748778 0 0.04260449 -1.298514 3.129215 1
v 0.8077327 -0.2232319 0.5456514 0 0 0.9255405 0.3786486 0 -0.5895489 -0.3058469 0.7475893 0 0.04140862 -1.298548 3.1293 1
v 0.8064446 -0.2238986 0.547281 0 0 0.9255405 0.3786486 0 -0.5913097 -0.3053591 0.7463971 0 0.04021255 -1.298582 3.129382 1
v 0.8051526 -0.2245642 0.5489081 0 0 0.9255405 0.3786486 0 -0.5930676 -0.3048699 0.7452014 0 0.0390163 -1.298615 3.129462 1
v 0.8038568 -0.2252288 0.5505326 0 0 0.9255405 0.3786486 0 -0.5948228 -0.3043793 0.7440021 0 0.03781986 -1.298646 3.12954 1
v 0.8025572 -0.2258923 0.5521544 0 0 0.9255405 0.3786486 0 -0.5965751 -0.3038872 0.7427992 0 0.03662323 -1.298677 3.129615 1
v 0.8012538 -0.2265548 0.5537737 0 0 0.9255405 0.3786486 0 -0.5983246 -0.3033936 0.7415928 0 0.03542644 -1.298707 3.129688 1
v 0.7999466 -0.2272162 0.5553903 0 0 0.9255405 0.3786486 0 -0.6000713 -0.3028987 0.7403829 0 0.03422947 -1.298736 3.129758 1
v 0.7986355 -0.2278764 0.5570042 0 0 0.9255405 0.3786486 0 -0.601815 -0.3024022 0.7391695 0 0.03303235 -1.298763 3.129826 1
v 0.7973206 -0.2285356 0.5586155 0 0 0.9255405 0.3786486 0 -0.603556 -0.3019044 0.7379525 0 0.03183506 -1.29879 3.129892 1
v 0.796002 -0.2291937 0.5602241 0 0 0.9255405 0.3786486 0 -0.605294 -0.3014051 0.7367321 0 0.03063763 -1.298816 3.129955 1
v 0.7946796 -0.2298508 0.5618301 0 0 0.9255405 0.3786486 0 -0.6070292 -0.3009043 0.7355081 0 0.02944004 -1.298841 3.130015 1
v 0.7933533 -0.2305067 0.5634334 0 0 0.9255405 0.3786486 0 -0.6087614 -0.3004021 0.7342806 0 0.02824232 -1.298865 3.130074 1
v 0.7920233 -0.2311615 0.565034 0 0 0.9255405 0.3786486 0 -0.6104908 -0.2998985 0.7330497 0 0.02704446 -1.298888 3.130129 1
v 0.7906896 -0.2318152 0.5666319 0 0 0.9255405 0.3786486 0 -0.6122173 -0.2993935 0.7318152 0 0.02584648 -1.298909 3.130183 1
v 0.789352 -0.2324679 0.5682271 0 0 0.9255405 0.3786486 0 -0.6139409 -0.2988871 0.7305773 0 0.02464837 -1.29893 3.130234 1
v 0.7880107 -0.2331194 0.5698196 0 0 0.9255405 0.3786486 0 -0.6156615 -0.2983792 0.7293359 0 0.02345014 -1.29895 3.130282 1
v 0.7866657 -0.2337698 0.5714095 0 0 0.9255405 0.3786486 0 -0.6173792 -0.2978699 0.728091 0 0.02225181 -1.298969 3.130329 1
v 0.7853169 -0.2344191 0.5729965 0 0 0.9255405 0.3786486 0 -0.619094 -0.2973592 0.7268426 0 0.02105336 -1.298987 3.130372 1
v 0.7839644 -0.2350673 0.5745809 0 0 0.9255405 0.3786486 0 -0.6208058 -0.296847 0.7255908 0 0.01985482 -1.299004 3.130414 1
v 0.7826081 -0.2357143 0.5761625 0 0 0.9255405 0.3786486 0 -0.6225147 -0.2963335 0.7243355 0 0.01865618 -1.29902 3.130452 1
v 0.7812482 -0.2363602 0.5777414 0 0 0.9255405 0.3786486 0 -0.6242206 -0.2958185 0.7230768 0 0.01745745 -1.299035 3.130489 1
v 0.7798845 -0.2370051 0.5793175 0 0 0.9255405 0.3786486 0 -0.6259235 -0.2953022 0.7218147 0 0.01625864 -1.299048 3.130523 1
v 0.7785171 -0.2376487 0.5808909 0 0 0.9255405 0.3786486 0 -0.6276234 -0.2947844 0.7205491 0 0.01505976 -1.299061 3.130555 1
v 0.7771459 -0.2382913 0.5824615 0 0 0.9255405 0.3786486 0 -0.6293204 -0.2942652 0.7192801 0 0.0138608 -1.299073 3.130584 1
v 0.7757711 -0.2389327 0.5840294 0 0 0.9255405 0.3786486 0 -0.6310144 -0.2937447 0.7180076 0 0.01266177 -1.299084 3.130611 1
v 0.7743926 -0.239573 0.5855944 0 0 0.9255405 0.3786486 0 -0.6327053 -0.2932227 0.7167317 0 0.01146269 -1.299094 3.130635 1
v 0.7730104 -0.2402121 0.5871567 0 0 0.9255405 0.3786486 0 -0.6343933 -0.2926993 0.7154525 0 0.01026355 -1.299103 3.130657 1
v 0.7716246 -0.2408501 0.5887162 0 0 0.9255405 0.3786486 0 -0.6360782 -0.2921746 0.7141698 0 0.009064359 -1.299111 3.130676 1
v 0.770235 -0.241487 0.5902728 0 0 0.9255405 0.3786486 0 -0.6377601 -0.2916484 0.7128837 0 0.007865127 -1.299118 3.130693 1
v 0.7688418 -0.2421227 0.5918267 0 0 0.9255405 0.3786486 0 -0.639439 -0.2911209 0.7115942 0 0.006665858 -1.299124 3.130708 1
v 0.767445 -0.2427572 0.5933778 0 0 0.9255405 0.3786486 0 -0.6411148 -0.290592 0.7103014 0 0.005466557 -1.299129 3.13072 1
v 0.7660444 -0.2433906 0.594926 0 0 0.9255405 0.3786486 0 -0.6427876 -0.2900617 0.7090051 0 0.00426723 -1.299133 3.13073 1
v 0.7646403 -0.2440229 0.5964714 0 0 0.9255405 0.3786486 0 -0.6444573 -0.28953 0.7077055 0 0.003067883 -1.299136 3.130738 1
v 0.7632325 -0.244654 0.5980139 0 0 0.9255405 0.3786486 0 -0.646124 -0.2889969 0.7064026 0 0.001868521 -1.299138 3.130743 1
v 0.761821 -0.2452839 0.5995536 0 0 0.9255405 0.3786486 0 -0.6477876 -0.2884625 0.7050962 0 0.0006691498 -1.299139 3.130745 1
v 0.760406 -0.2459126 0.6010905 0 0 0.9255405 0.3786486 0 -0.6494481 -0.2879267 0.7037865 0 -0.0005302242 -1.299139 3.130745 1
v 0.7589873 -0.2465402 0.6026245 0 0 0.9255405 0.3786486 0 -0.6511055 -0.2873895 0.7024735 0 -0.001729596 -1.299139 3.130743 1
v 0.757565 -0.2471666 0.6041556 0 0 0.9255405 0.3786486 0 -0.6527598 -0.2868509 0.7011571 0 -0.002928959 -1.299137 3.130738 1
v 0.7561391 -0.2477918 0.6056839 0 0 0.9255405 0.3786486 0 -0.654411 -0.286311 0.6998373 0 -0.004128308 -1.299134 3.130731 1
v 0.7547096 -0.2484158 0.6072092 0 0 0.9255405 0.3786486 0 -0.656059 -0.2857697 0.6985143 0 -0.005327638 -1.29913 3.130722 1
v 0.7532765 -0.2490387 0.6087317 0 0 0.9255405 0.3786486 0 -0.657704 -0.2852271 0.6971879 0 -0.006526942 -1.299125 3.13071 1
v 0.7518398 -0.2496604 0.6102513 0 0 0.9255405 0.3786486 0 -0.6593458 -0.2846831 0.6958582 0 -0.007726215 -1.299119 3.130695 1
v 0.7503995 -0.2502809 0.6117679 0 0 0.9255405 0.3786486 0 -0.6609845 -0.2841377 0.6945252 0 -0.008925452 -1.299112 3.130678 1
v 0.7489557 -0.2509002 0.6132817 0 0 0.9255405 0.3786486 0 -0.6626201 -0.283591 0.6931888 0 -0.01012465 -1.299104 3.130659 1
v 0.7475083 -0.2515183 0.6147926 0 0 0.9255405 0.3786486 0 -0.6642525 -0.283043 0.6918492 0 -0.01132379 -1.299095 3.130638 1
v 0.7460574 -0.2521352 0.6163005 0 0 0.9255405 0.3786486 0 -0.6658817 -0.2824936 0.6905063 0 -0.01252288 -1.299086 3.130613 1
v 0.7446029 -0.2527509 0.6178055 0 0 0.9255405 0.3786486 0 -0.6675077 -0.2819428 0.6891601 0 -0.01372192 -1.299075 3.130587 1
v 0.7431448 -0.2533654 0.6193075 0 0 0.9255405 0.3786486 0 -0.6691306 -0.2813908 0.6878106 0 -0.01492088 -1.299063 3.130558 1
v 0.7416832 -0.2539787 0.6208066 0 0 0.9255405 0.3786486 0 -0.6707503 -0.2808373 0.6864579 0 -0.01611978 -1.29905 3.130527 1
v 0.7402181 -0.2545908 0.6223027 0 0 0.9255405 0.3786486 0 -0.6723668 -0.2802826 0.6851018 0 -0.0173186 -1.299036 3.130493 1
v 0.7387495 -0.2552016 0.6237959 0 0 0.9255405 0.3786486 0 -0.6739801 -0.2797265 0.6837426 0 -0.01851733 -1.299021 3.130457 1
v 0.7372773 -0.2558113 0.6252861 0 0 0.9255405 0.3786486 0 -0.6755902 -0.279169 0.68238 0 -0.01971598 -1.299006 3.130418 1
v 0.7358017 -0.2564197 0.6267733 0 0 0.9255405 0.3786486 0 -0.6771971 -0.2786103 0.6810142 0 -0.02091454 -1.298989 3.130377 1
v 0.7343225 -0.257027 0.6282576 0 0 0.9255405 0.3786486 0 -0.6788008 -0.2780502 0.6796452 0 -0.02211299 -1.298971 3.130334 1
v 0.7328398 -0.257633 0.6297389 0 0 0.9255405 0.3786486 0 -0.6804012 -0.2774888 0.678273 0 -0.02331134 -1.298952 3.130288 1
v 0.7313537 -0.2582377 0.6312171 0 0 0.9255405 0.3786486 0 -0.6819984 -0.2769261 0.6768975 0 -0.02450958 -1.298933 3.13024 1
v 0.7298641 -0.2588413 0.6326924 0 0 0.9255405 0.3786486 0 -0.6835923 -0.276362 0.6755187 0 -0.02570771 -1.298912 3.130189 1
v 0.728371 -0.2594436 0.6341646 0 0 0.9255405 0.3786486 0 -0.685183 -0.2757967 0.6741368 0 -0.02690571 -1.29889 3.130136 1
v 0.7268744 -0.2600447 0.6356339 0 0 0.9255405 0.3786486 0 -0.6867704 -0.27523 0.6727517 0 -0.02810358 -1.298867 3.13008 1
v 0.7253744 -0.2606445 0.6371001 0 0 0.9255405 0.3786486 0 -0.6883546 -0.274662 0.6713633 0 -0.02930132 -1.298844 3.130022 1
v 0.7238709 -0.2612431 0.6385632 0 0 0.9255405 0.3786486 0 -0.6899355 -0.2740927 0.6699718 0 -0.03049891 -1.298819 3.129962 1
v 0.7223639 -0.2618405 0.6400234 0 0 0.9255405 0.3786486 0 -0.6915131 -0.2735221 0.6685771 0 -0.03169637 -1.298793 3.129899 1
v 0.7208536 -0.2624366 0.6414804 0 0 0.9255405 0.3786486 0 -0.6930874 -0.2729502 0.6671792 0 -0.03289367 -1.298767 3.129834 1
v 0.7193398 -0.2630314 0.6429345 0 0 0.9255405 0.3786486 0 -0.6946584 -0.272377 0.6657781 0 -0.03409082 -1.298739 3.129766 1
v 0.7178226 -0.263625 0.6443854 0 0 0.9255405 0.3786486 0 -0.6962261 -0.2718025 0.6643739 0 -0.0352878 -1.29871 3.129696 1
v 0.7163019 -0.2642174 0.6458333 0 0 0.9255405 0.3786486 0 -0.6977905 -0.2712267 0.6629664 0 -0.03648462 -1.298681 3.129624 1
v 0.7147779 -0.2648085 0.6472782 0 0 0.9255405 0.3786486 0 -0.6993515 -0.2706497 0.6615559 0 -0.03768126 -1.29865 3.129549 1
v 0.7132504 -0.2653983 0.6487199 0 0 0.9255405 0.3786486 0 -0.7009093 -0.2700713 0.6601422 0 -0.03887772 -1.298618 3.129472 1
v 0.7117196 -0.2659869 0.6501586 0 0 0.9255405 0.3786486 0 -0.7024637 -0.2694916 0.6587253 0 -0.040074 -1.298586 3.129392 1
v 0.7101854 -0.2665742 0.6515942 0 0 0.9255405 0.3786486 0 -0.7040147 -0.2689107 0.6573053 0 -0.04127009 -1.298552 3.12931 1
v 0.7086478 -0.2671602 0.6530266 0 0 0.9255405 0.3786486 0 -0.7055624 -0.2683285 0.6558822 0 -0.04246598 -1.298518 3.129225 1
v 0.7071068 -0.267745 0.654456 0 0 0.9255405 0.3786486 0 -0.7071068 -0.267745 0.654456 0 -0.04366167 -1.298482 3.129138 1
v 0.7055624 -0.2683285 0.6558822 0 0 0.9255405 0.3786486 0 -0.7086478 -0.2671602 0.6530266 0 -0.04485715 -1.298445 3.129049 1
v 0.7040147 -0.2689107 0.6573053 0 0 0.9255405 0.3786486 0 -0.7101854 -0.2665742 0.6515941 0 -0.04605241 -1.298408 3.128957 1
v 0.7024637 -0.2694916 0.6587253 0 0 0.9255405 0.3786486 0 -0.7117196 -0.2659869 0.6501586 0 -0.04724746 -1.298369 3.128863 1
v 0.7009092 -0.2700713 0.6601422 0 0 0.9255405 0.3786486 0 -0.7132505 -0.2653983 0.6487199 0 -0.04844229 -1.29833 3.128766 1
v 0.6993515 -0.2706497 0.6615559 0 0 0.9255405 0.3786486 0 -0.7147779 -0.2648085 0.6472782 0 -0.04963688 -1.298289 3.128667 1
v 0.6977904 -0.2712267 0.6629665 0 0 0.9255405 0.3786486 0 -0.716302 -0.2642174 0.6458333 0 -0.05083123 -1.298248 3.128566 1
v 0.6962261 -0.2718025 0.6643739 0 0 0.9255405 0.3786486 0 -0.7178226 -0.263625 0.6443854 0 -0.05202535 -1.298205 3.128462 1
v 0.6946584 -0.272377 0.6657781 0 0 0.9255405 0.3786486 0 -0.7193398 -0.2630314 0.6429344 0 -0.05321922 -1.298162 3.128356 1
v 0.6930873 -0.2729502 0.6671792 0 0 0.9255405 0.3786486 0 -0.7208536 -0.2624366 0.6414804 0 -0.05441283 -1.298117 3.128247 1
v 0.691513 -0.2735221 0.6685771 0 0 0.9255405 0.3786486 0 -0.722364 -0.2618405 0.6400233 0 -0.05560618 -1.298072 3.128136 1
v 0.6899354 -0.2740927 0.6699718 0 0 0.9255405 0.3786486 0 -0.7238709 -0.2612431 0.6385632 0 -0.05679927 -1.298026 3.128023 1
v 0.6883546 -0.274662 0.6713634 0 0 0.9255405 0.3786486 0 -0.7253744 -0.2606445 0.6371 0 -0.05799209 -1.297978 3.127907 1
v 0.6867704 -0.27523 0.6727517 0 0 0.9255405 0.3786486 0 -0.7268744 -0.2600447 0.6356338 0 -0.05918464 -1.29793 3.127788 1
v 0.685183 -0.2757967 0.6741368 0 0 0.9255405 0.3786486 0 -0.728371 -0.2594436 0.6341646 0 -0.0603769 -1.29788 3.127668 1
v 0.6835923 -0.276362 0.6755188 0 0 0.9255405 0.3786486 0 -0.7298641 -0.2588413 0.6326924 0 -0.06156887 -1.29783 3.127544 1
v 0.6819983 -0.2769261 0.6768975 0 0 0.9255405 0.3786486 0 -0.7313537 -0.2582377 0.6312171 0 -0.06276056 -1.297779 3.127419 1
v 0.6804012 -0.2774888 0.678273 0 0 0.9255405 0.3786486 0 -0.7328399 -0.257633 0.6297388 0 -0.06395194 -1.297726 3.127291 1
v 0.6788007 -0.2780502 0.6796452 0 0 0.9255405 0.3786486 0 -0.7343225 -0.257027 0.6282576 0 -0.06514302 -1.297673 3.127161 1
v 0.6771971 -0.2786103 0.6810143 0 0 0.9255405 0.3786486 0 -0.7358017 -0.2564197 0.6267733 0 -0.06633378 -1.297619 3.127028 1
v 0.6755902 -0.279169 0.6823801 0 0 0.9255405 0.3786486 0 -0.7372774 -0.2558113 0.6252861 0 -0.06752424 -1.297563 3.126893 1
v 0.6739801 -0.2797265 0.6837426 0 0 0.9255405 0.3786486 0 -0.7387495 -0.2552016 0.6237959 0 -0.06871437 -1.297507 3.126755 1
v 0.6723668 -0.2802826 0.6851019 0 0 0.9255405 0.3786486 0 -0.7402181 -0.2545908 0.6223027 0 -0.06990417 -1.29745 3.126615 1
v 0.6707503 -0.2808373 0.6864579 0 0 0.9255405 0.3786486 0 -0.7416833 -0.2539787 0.6208066 0 -0.07109364 -1.297392 3.126473 1
v 0.6691306 -0.2813908 0.6878106 0 0 0.9255405 0.3786486 0 -0.7431448 -0.2533654 0.6193075 0 -0.07228278 -1.297332 3.126328 1
v 0.6675077 -0.2819429 0.6891601 0 0 0.9255405 0.3786486 0 -0.7446029 -0.2527509 0.6178054 0 -0.07347157 -1.297272 3.126181 1
v 0.6658817 -0.2824936 0.6905063 0 0 0.9255405 0.3786486 0 -0.7460574 -0.2521352 0.6163004 0 -0.07466 -1.297211 3.126032 1
v 0.6642524 -0.283043 0.6918492 0 0 0.9255405 0.3786486 0 -0.7475083 -0.2515183 0.6147925 0 -0.07584809 -1.297149 3.12588 1
v 0.66262 -0.2835911 0.6931889 0 0 0.9255405 0.3786486 0 -0.7489557 -0.2509002 0.6132817 0 -0.07703581 -1.297086 3.125725 1
v 0.6609845 -0.2841378 0.6945252 0 0 0.9255405 0.3786486 0 -0.7503996 -0.2502809 0.6117679 0 -0.07822317 -1.297022 3.125568 1
v 0.6593458 -0.2846831 0.6958582 0 0 0.9255405 0.3786486 0 -0.7518398 -0.2496604 0.6102512 0 -0.07941015 -1.296956 3.125409 1
v 0.657704 -0.2852271 0.6971879 0 0 0.9255405 0.3786486 0 -0.7532765 -0.2490387 0.6087317 0 -0.08059676 -1.29689 3.125248 1
v 0.656059 -0.2857697 0.6985143 0 0 0.9255405 0.3786486 0 -0.7547096 -0.2484158 0.6072092 0 -0.08178298 -1.296823 3.125084 1
v 0.6544109 -0.286311 0.6998374 0 0 0.9255405 0.3786486 0 -0.7561391 -0.2477918 0.6056838 0 -0.08296881 -1.296755 3.124917 1
v 0.6527597 -0.2868509 0.7011571 0 0 0.9255405 0.3786486 0 -0.757565 -0.2471666 0.6041556 0 -0.08415425 -1.296686 3.124749 1
v 0.6511054 -0.2873895 0.7024735 0 0 0.9255405 0.3786486 0 -0.7589873 -0.2465402 0.6026245 0 -0.08533929 -1.296616 3.124578 1
v 0.649448 -0.2879267 0.7037865 0 0 0.9255405 0.3786486 0 -0.760406 -0.2459126 0.6010905 0 -0.08652392 -1.296545 3.124404 1
v 0.6477875 -0.2884625 0.7050962 0 0 0.9255405 0.3786486 0 -0.761821 -0.2452839 0.5995536 0 -0.08770814 -1.296473 3.124228 1
v 0.646124 -0.2889969 0.7064026 0 0 0.9255405 0.3786486 0 -0.7632325 -0.2446539 0.5980139 0 -0.08889194 -1.2964 3.12405 1
v 0.6444573 -0.28953 0.7077056 0 0 0.9255405 0.3786486 0 -0.7646403 -0.2440229 0.5964713 0 -0.09007532 -1.296326 3.123869 1
v 0.6427876 -0.2900617 0.7090052 0 0 0.9255405 0.3786486 0 -0.7660445 -0.2433906 0.594926 0 -0.09125827 -1.296251 3.123686 1
v 0.6411148 -0.290592 0.7103014 0 0 0.9255405 0.3786486 0 -0.767445 -0.2427572 0.5933777 0 -0.09244079 -1.296176 3.123501 1
v 0.639439 -0.2911209 0.7115943 0 0 0.9255405 0.3786486 0 -0.7688418 -0.2421227 0.5918267 0 -0.09362286 -1.296099 3.123313 1
v 0.6377601 -0.2916484 0.7128837 0 0 0.9255405 0.3786486 0 -0.7702351 -0.241487 0.5902728 0 -0.09480449 -1.296021 3.123123 1
v 0.6360782 -0.2921746 0.7141698 0 0 0.9255405 0.3786486 0 -0.7716246 -0.2408501 0.5887161 0 -0.09598567 -1.295942 3.12293 1
v 0.6343933 -0.2926993 0.7154525 0 0 0.9255405 0.3786486 0 -0.7730105 -0.2402121 0.5871567 0 -0.09716639 -1.295862 3.122735 1
v 0.6327053 -0.2932227 0.7167318 0 0 0.9255405 0.3786486 0 -0.7743927 -0.239573 0.5855944 0 -0.09834665 -1.295782 3.122538 1
v 0.6310143 -0.2937447 0.7180076 0 0 0.9255405 0.3786486 0 -0.7757712 -0.2389327 0.5840293 0 -0.09952645 -1.2957 3.122338 1
v 0.6293204 -0.2942652 0.7192801 0 0 0.9255405 0.3786486 0 -0.777146 -0.2382913 0.5824615 0 -0.1007058 -1.295617 3.122136 1
v 0.6276234 -0.2947844 0.7205491 0 0 0.9255405 0.3786486 0 -0.7785171 -0.2376487 0.5808909 0 -0.1018846 -1.295533 3.121931 1
v 0.6259235 -0.2953022 0.7218147 0 0 0.9255405 0.3786486 0 -0.7798845 -0.2370051 0.5793175 0 -0.103063 -1.295449 3.121724 1
v 0.6242205 -0.2958185 0.7230768 0 0 0.9255405 0.3786486 0 -0.7812482 -0.2363602 0.5777414 0 -0.1042408 -1.295363 3.121515 1
v 0.6225146 -0.2963335 0.7243356 0 0 0.9255405 0.3786486 0 -0.7826082 -0.2357143 0.5761625 0 -0.1054182 -1.295277 3.121303 1
