# generated by tools/sample_orbit_path.py
# orbit_json: tools/benchmark_path_salad.json
# frames: 720  span_deg: -360.000  az_start: -101.750
# notes: Orbit inferred from a single calibrated pose by orbit_from_pose.py. look_at source: closest-point-on-ray-to-origin. camera_y / radius come from the anchor pose; axis snapped to +Y.
fov_half_rad: 0.524
ply: data/salad.ply
v 0.9790455 -0.07710867 0.1884787 0 0 0.9255405 0.3786486 0 -0.2036418 -0.3707142 0.9061462 0 0.2639599 -1.273575 3.068258 1
v 0.9772311 -0.08034079 0.196379 0 0 0.9255405 0.3786486 0 -0.2121777 -0.3700272 0.904467 0 0.2597416 -1.27444 3.070373 1
v 0.9753423 -0.08356679 0.2042644 0 0 0.9255405 0.3786486 0 -0.2206975 -0.369312 0.9027188 0 0.2555035 -1.275292 3.072453 1
v 0.9733793 -0.08678642 0.2121343 0 0 0.9255405 0.3786486 0 -0.2292004 -0.3685687 0.9009019 0 0.2512459 -1.276129 3.0745 1
v 0.9713421 -0.08999944 0.2199879 0 0 0.9255405 0.3786486 0 -0.2376859 -0.3677973 0.8990164 0 0.2469692 -1.276952 3.076512 1
v 0.9692309 -0.09320561 0.2278249 0 0 0.9255405 0.3786486 0 -0.2461533 -0.3669979 0.8970625 0 0.2426737 -1.277761 3.078489 1
v 0.9670459 -0.09640468 0.2356444 0 0 0.9255405 0.3786486 0 -0.254602 -0.3661706 0.8950402 0 0.2383598 -1.278556 3.080432 1
v 0.9647873 -0.09959641 0.2434461 0 0 0.9255405 0.3786486 0 -0.2630312 -0.3653154 0.8929497 0 0.2340276 -1.279336 3.08234 1
v 0.9624552 -0.1027806 0.2512291 0 0 0.9255405 0.3786486 0 -0.2714405 -0.3644323 0.8907913 0 0.2296777 -1.280102 3.084212 1
v 0.9600498 -0.1059569 0.2589931 0 0 0.9255405 0.3786486 0 -0.279829 -0.3635215 0.888565 0 0.2253102 -1.280854 3.08605 1
v 0.9575714 -0.1091251 0.2667373 0 0 0.9255405 0.3786486 0 -0.2881963 -0.3625831 0.8862711 0 0.2209256 -1.281591 3.087852 1
v 0.9550199 -0.1122851 0.2744613 0 0 0.9255405 0.3786486 0 -0.2965416 -0.361617 0.8839096 0 0.2165242 -1.282314 3.089618 1
v 0.9523958 -0.1154365 0.2821643 0 0 0.9255405 0.3786486 0 -0.3048643 -0.3606233 0.8814809 0 0.2121063 -1.283022 3.09135 1
v 0.9496991 -0.118579 0.2898458 0 0 0.9255405 0.3786486 0 -0.3131638 -0.3596023 0.878985 0 0.2076722 -1.283716 3.093045 1
v 0.9469301 -0.1217126 0.2975053 0 0 0.9255405 0.3786486 0 -0.3214395 -0.3585538 0.8764222 0 0.2032224 -1.284395 3.094704 1
v 0.944089 -0.1248369 0.3051421 0 0 0.9255405 0.3786486 0 -0.3296907 -0.357478 0.8737926 0 0.198757 -1.285059 3.096328 1
v 0.941176 -0.1279517 0.3127556 0 0 0.9255405 0.3786486 0 -0.3379167 -0.356375 0.8710965 0 0.1942765 -1.285708 3.097915 1
v 0.9381913 -0.1310568 0.3203454 0 0 0.9255405 0.3786486 0 -0.3461171 -0.3552448 0.8683341 0 0.1897812 -1.286343 3.099466 1
v 0.9351352 -0.1341518 0.3279107 0 0 0.9255405 0.3786486 0 -0.3542911 -0.3540876 0.8655055 0 0.1852715 -1.286962 3.10098 1
v 0.9320079 -0.1372367 0.3354511 0 0 0.9255405 0.3786486 0 -0.3624381 -0.3529035 0.862611 0 0.1807476 -1.287567 3.102459 1
v 0.9288095 -0.1403111 0.3429659 0 0 0.9255405 0.3786486 0 -0.3705575 -0.3516924 0.8596509 0 0.17621 -1.288157 3.1039 1
v 0.9255405 -0.1433748 0.3504546 0 0 0.9255405 0.3786486 0 -0.3786486 -0.3504546 0.8566252 0 0.171659 -1.288732 3.105305 1
v 0.922201 -0.1464276 0.3579167 0 0 0.9255405 0.3786486 0 -0.386711 -0.3491901 0.8535343 0 0.1670949 -1.289291 3.106673 1
v 0.9187912 -0.1494692 0.3653514 0 0 0.9255405 0.3786486 0 -0.3947439 -0.347899 0.8503785 0 0.1625181 -1.289836 3.108004 1
v 0.9153115 -0.1524995 0.3727584 0 0 0.9255405 0.3786486 0 -0.4027467 -0.3465814 0.8471578 0 0.1579289 -1.290365 3.109298 1
v 0.911762 -0.1555181 0.380137 0 0 0.9255405 0.3786486 0 -0.4107189 -0.3452374 0.8438727 0 0.1533276 -1.290879 3.110555 1
v 0.9081432 -0.1585249 0.3874866 0 0 0.9255405 0.3786486 0 -0.4186598 -0.3438672 0.8405233 0 0.1487147 -1.291379 3.111775 1
v 0.9044551 -0.1615197 0.3948067 0 0 0.9255405 0.3786486 0 -0.4265688 -0.3424707 0.8371099 0 0.1440905 -1.291862 3.112958 1
v 0.9006982 -0.1645021 0.4020967 0 0 0.9255405 0.3786486 0 -0.4344453 -0.3410481 0.8336327 0 0.1394553 -1.292331 3.114103 1
v 0.8968727 -0.167472 0.4093561 0 0 0.9255405 0.3786486 0 -0.4422887 -0.3395996 0.830092 0 0.1348095 -1.292784 3.11521 1
v 0.8929789 -0.1704292 0.4165844 0 0 0.9255405 0.3786486 0 -0.4500985 -0.3381252 0.8264882 0 0.1301534 -1.293222 3.11628 1
v 0.8890171 -0.1733733 0.4237809 0 0 0.9255405 0.3786486 0 -0.4578739 -0.3366251 0.8228214 0 0.1254874 -1.293644 3.117313 1
v 0.8849876 -0.1763043 0.4309451 0 0 0.9255405 0.3786486 0 -0.4656145 -0.3350993 0.8190919 0 0.1208118 -1.294051 3.118307 1
v 0.8808907 -0.1792218 0.4380765 0 0 0.9255405 0.3786486 0 -0.4733197 -0.3335481 0.8153 0 0.116127 -1.294442 3.119264 1
v 0.8767267 -0.1821257 0.4451746 0 0 0.9255405 0.3786486 0 -0.4809888 -0.3319714 0.8114461 0 0.1114334 -1.294818 3.120183 1
v 0.872496 -0.1850158 0.4522388 0 0 0.9255405 0.3786486 0 -0.4886213 -0.3303694 0.8075304 0 0.1067313 -1.295179 3.121064 1
v 0.8681988 -0.1878917 0.4592685 0 0 0.9255405 0.3786486 0 -0.4962165 -0.3287423 0.8035532 0 0.1020211 -1.295524 3.121907 1
v 0.8638355 -0.1907533 0.4662632 0 0 0.9255405 0.3786486 0 -0.503774 -0.3270901 0.7995147 0 0.09730313 -1.295853 3.122712 1
v 0.8594064 -0.1936004 0.4732225 0 0 0.9255405 0.3786486 0 -0.5112931 -0.325413 0.7954154 0 0.09257773 -1.296167 3.123479 1
v 0.8549119 -0.1964328 0.4801457 0 0 0.9255405 0.3786486 0 -0.5187733 -0.3237112 0.7912556 0 0.08784528 -1.296465 3.124208 1
v 0.8503522 -0.1992502 0.4870323 0 0 0.9255405 0.3786486 0 -0.5262139 -0.3219847 0.7870354 0 0.08310614 -1.296747 3.124898 1
v 0.8457278 -0.2020524 0.4938819 0 0 0.9255405 0.3786486 0 -0.5336145 -0.3202337 0.7827553 0 0.07836068 -1.297014 3.12555 1
v 0.841039 -0.2048392 0.5006938 0 0 0.9255405 0.3786486 0 -0.5409745 -0.3184583 0.7784157 0 0.07360924 -1.297265 3.126164 1
v 0.8362861 -0.2076105 0.5074676 0 0 0.9255405 0.3786486 0 -0.5482932 -0.3166586 0.7740167 0 0.0688522 -1.297501 3.126739 1
v 0.8314696 -0.2103659 0.5142028 0 0 0.9255405 0.3786486 0 -0.5555703 -0.3148348 0.7695588 0 0.06408992 -1.29772 3.127276 1
v 0.8265897 -0.2131053 0.5208988 0 0 0.9255405 0.3786486 0 -0.5628049 -0.3129871 0.7650423 0 0.05932275 -1.297924 3.127774 1
v 0.8216469 -0.2158285 0.5275551 0 0 0.9255405 0.3786486 0 -0.5699968 -0.3111155 0.7604675 0 0.05455107 -1.298112 3.128234 1
v 0.8166415 -0.2185352 0.5341713 0 0 0.9255405 0.3786486 0 -0.5771452 -0.3092202 0.7558348 0 0.04977524 -1.298285 3.128656 1
v 0.811574 -0.2212253 0.5407467 0 0 0.9255405 0.3786486 0 -0.5842497 -0.3073014 0.7511446 0 0.04499561 -1.298441 3.129038 1
v 0.8064446 -0.2238986 0.547281 0 0 0.9255405 0.3786486 0 -0.5913097 -0.3053591 0.7463971 0 0.04021255 -1.298582 3.129382 1
v 0.8012538 -0.2265548 0.5537737 0 0 0.9255405 0.3786486 0 -0.5983246 -0.3033936 0.7415928 0 0.03542644 -1.298707 3.129688 1
v 0.796002 -0.2291937 0.5602241 0 0 0.9255405 0.3786486 0 -0.605294 -0.3014051 0.7367321 0 0.03063763 -1.298816 3.129955 1
v 0.7906896 -0.2318152 0.5666319 0 0 0.9255405 0.3786486 0 -0.6122173 -0.2993935 0.7318152 0 0.02584648 -1.298909 3.130183 1
v 0.7853169 -0.2344191 0.5729965 0 0 0.9255405 0.3786486 0 -0.619094 -0.2973592 0.7268426 0 0.02105336 -1.298987 3.130372 1
v 0.7798845 -0.2370051 0.5793175 0 0 0.9255405 0.3786486 0 -0.6259235 -0.2953022 0.7218147 0 0.01625864 -1.299048 3.130523 1
v 0.7743926 -0.239573 0.5855944 0 0 0.9255405 0.3786486 0 -0.6327053 -0.2932227 0.7167317 0 0.01146269 -1.299094 3.130635 1
v 0.7688418 -0.2421227 0.5918267 0 0 0.9255405 0.3786486 0 -0.639439 -0.2911209 0.7115942 0 0.006665858 -1.299124 3.130708 1
v 0.7632325 -0.244654 0.5980139 0 0 0.9255405 0.3786486 0 -0.646124 -0.2889969 0.7064026 0 0.001868521 -1.299138 3.130743 1
v 0.757565 -0.2471666 0.6041556 0 0 0.9255405 0.3786486 0 -0.6527598 -0.2868509 0.7011571 0 -0.002928959 -1.299137 3.130738 1
v 0.7518398 -0.2496604 0.6102513 0 0 0.9255405 0.3786486 0 -0.6593458 -0.2846831 0.6958582 0 -0.007726215 -1.299119 3.130695 1
v 0.7460574 -0.2521352 0.6163005 0 0 0.9255405 0.3786486 0 -0.6658817 -0.2824936 0.6905063 0 -0.01252288 -1.299086 3.130613 1
v 0.7402181 -0.2545908 0.6223027 0 0 0.9255405 0.3786486 0 -0.6723668 -0.2802826 0.6851018 0 -0.0173186 -1.299036 3.130493 1
v 0.7343225 -0.257027 0.6282576 0 0 0.9255405 0.3786486 0 -0.6788008 -0.2780502 0.6796452 0 -0.02211299 -1.298971 3.130334 1
v 0.728371 -0.2594436 0.6341646 0 0 0.9255405 0.3786486 0 -0.685183 -0.2757967 0.6741368 0 -0.02690571 -1.29889 3.130136 1
v 0.7223639 -0.2618405 0.6400234 0 0 0.9255405 0.3786486 0 -0.6915131 -0.2735221 0.6685771 0 -0.03169637 -1.298793 3.129899 1
v 0.7163019 -0.2642174 0.6458333 0 0 0.9255405 0.3786486 0 -0.6977905 -0.2712267 0.6629664 0 -0.03648462 -1.298681 3.129624 1
v 0.7101854 -0.2665742 0.6515942 0 0 0.9255405 0.3786486 0 -0.7040147 -0.2689107 0.6573053 0 -0.04127009 -1.298552 3.12931 1
v 0.7040147 -0.2689107 0.6573053 0 0 0.9255405 0.3786486 0 -0.7101854 -0.2665742 0.6515941 0 -0.04605241 -1.298408 3.128957 1
v 0.6977904 -0.2712267 0.6629665 0 0 0.9255405 0.3786486 0 -0.716302 -0.2642174 0.6458333 0 -0.05083123 -1.298248 3.128566 1
v 0.691513 -0.2735221 0.6685771 0 0 0.9255405 0.3786486 0 -0.722364 -0.2618405 0.6400233 0 -0.05560618 -1.298072 3.128136 1
v 0.685183 -0.2757967 0.6741368 0 0 0.9255405 0.3786486 0 -0.728371 -0.2594436 0.6341646 0 -0.0603769 -1.29788 3.127668 1
v 0.6788007 -0.2780502 0.6796452 0 0 0.9255405 0.3786486 0 -0.7343225 -0.257027 0.6282576 0 -0.06514302 -1.297673 3.127161 1
v 0.6723668 -0.2802826 0.6851019 0 0 0.9255405 0.3786486 0 -0.7402181 -0.2545908 0.6223027 0 -0.06990417 -1.29745 3.126615 1
v 0.6658817 -0.2824936 0.6905063 0 0 0.9255405 0.3786486 0 -0.7460574 -0.2521352 0.6163004 0 -0.07466 -1.297211 3.126032 1
v 0.6593458 -0.2846831 0.6958582 0 0 0.9255405 0.3786486 0 -0.7518398 -0.2496604 0.6102512 0 -0.07941015 -1.296956 3.125409 1
v 0.6527597 -0.2868509 0.7011571 0 0 0.9255405 0.3786486 0 -0.757565 -0.2471666 0.6041556 0 -0.08415425 -1.296686 3.124749 1
v 0.646124 -0.2889969 0.7064026 0 0 0.9255405 0.3786486 0 -0.7632325 -0.2446539 0.5980139 0 -0.08889194 -1.2964 3.12405 1
v 0.639439 -0.2911209 0.7115943 0 0 0.9255405 0.3786486 0 -0.7688418 -0.2421227 0.5918267 0 -0.09362286 -1.296099 3.123313 1
v 0.6327053 -0.2932227 0.7167318 0 0 0.9255405 0.3786486 0 -0.7743927 -0.239573 0.5855944 0 -0.09834665 -1.295782 3.122538 1
v 0.6259235 -0.2953022 0.7218147 0 0 0.9255405 0.3786486 0 -0.7798845 -0.2370051 0.5793175 0 -0.103063 -1.295449 3.121724 1
v 0.6190939 -0.2973592 0.7268426 0 0 0.9255405 0.3786486 0 -0.7853169 -0.2344191 0.5729965 0 -0.1077714 -1.2951 3.120873 1
v 0.6122173 -0.2993935 0.7318152 0 0 0.9255405 0.3786486 0 -0.7906896 -0.2318152 0.5666319 0 -0.1124717 -1.294737 3.119983 1
v 0.605294 -0.3014051 0.7367321 0 0 0.9255405 0.3786486 0 -0.796002 -0.2291937 0.5602241 0 -0.1171633 -1.294357 3.119056 1
v 0.5983246 -0.3033937 0.7415929 0 0 0.9255405 0.3786486 0 -0.8012538 -0.2265548 0.5537736 0 -0.1218461 -1.293962 3.118091 1
v 0.5913096 -0.3053591 0.7463972 0 0 0.9255405 0.3786486 0 -0.8064446 -0.2238986 0.547281 0 -0.1265196 -1.293552 3.117088 1
v 0.5842496 -0.3073014 0.7511446 0 0 0.9255405 0.3786486 0 -0.811574 -0.2212253 0.5407467 0 -0.1311834 -1.293126 3.116047 1
v 0.5771452 -0.3092202 0.7558348 0 0 0.9255405 0.3786486 0 -0.8166416 -0.2185352 0.5341712 0 -0.1358373 -1.292685 3.114969 1
v 0.5699967 -0.3111155 0.7604675 0 0 0.9255405 0.3786486 0 -0.8216469 -0.2158285 0.5275551 0 -0.1404808 -1.292229 3.113853 1
v 0.5628049 -0.3129871 0.7650423 0 0 0.9255405 0.3786486 0 -0.8265898 -0.2131053 0.5208987 0 -0.1451136 -1.291757 3.112699 1
v 0.5555702 -0.3148348 0.7695588 0 0 0.9255405 0.3786486 0 -0.8314696 -0.2103659 0.5142027 0 -0.1497354 -1.29127 3.111509 1
v 0.5482932 -0.3166586 0.7740167 0 0 0.9255405 0.3786486 0 -0.8362862 -0.2076105 0.5074676 0 -0.1543457 -1.290767 3.110281 1
v 0.5409745 -0.3184583 0.7784157 0 0 0.9255405 0.3786486 0 -0.841039 -0.2048392 0.5006938 0 -0.1589443 -1.29025 3.109015 1
v 0.5336145 -0.3202337 0.7827554 0 0 0.9255405 0.3786486 0 -0.8457278 -0.2020524 0.4938818 0 -0.1635308 -1.289717 3.107713 1
v 0.5262139 -0.3219847 0.7870354 0 0 0.9255405 0.3786486 0 -0.8503522 -0.1992502 0.4870323 0 -0.1681049 -1.289169 3.106374 1
v 0.5187732 -0.3237112 0.7912556 0 0 0.9255405 0.3786486 0 -0.8549119 -0.1964328 0.4801456 0 -0.1726661 -1.288606 3.104998 1
v 0.5112931 -0.3254131 0.7954155 0 0 0.9255405 0.3786486 0 -0.8594064 -0.1936004 0.4732224 0 -0.1772142 -1.288028 3.103585 1
v 0.503774 -0.3270901 0.7995148 0 0 0.9255405 0.3786486 0 -0.8638355 -0.1907533 0.4662632 0 -0.1817488 -1.287435 3.102135 1
v 0.4962165 -0.3287423 0.8035532 0 0 0.9255405 0.3786486 0 -0.8681988 -0.1878917 0.4592685 0 -0.1862696 -1.286827 3.100649 1
v 0.4886212 -0.3303694 0.8075304 0 0 0.9255405 0.3786486 0 -0.872496 -0.1850157 0.4522387 0 -0.1907761 -1.286204 3.099126 1
v 0.4809888 -0.3319714 0.8114461 0 0 0.9255405 0.3786486 0 -0.8767268 -0.1821257 0.4451746 0 -0.1952682 -1.285566 3.097567 1
v 0.4733196 -0.3335481 0.8153001 0 0 0.9255405 0.3786486 0 -0.8808907 -0.1792218 0.4380765 0 -0.1997454 -1.284913 3.095972 1
v 0.4656145 -0.3350993 0.8190919 0 0 0.9255405 0.3786486 0 -0.8849876 -0.1763043 0.4309451 0 -0.2042073 -1.284246 3.09434 1
v 0.4578739 -0.3366251 0.8228214 0 0 0.9255405 0.3786486 0 -0.8890172 -0.1733733 0.4237808 0 -0.2086537 -1.283564 3.092673 1
v 0.4500984 -0.3381252 0.8264882 0 0 0.9255405 0.3786486 0 -0.892979 -0.1704291 0.4165843 0 -0.2130843 -1.282867 3.09097 1
v 0.4422887 -0.3395996 0.8300921 0 0 0.9255405 0.3786486 0 -0.8968728 -0.167472 0.4093561 0 -0.2174986 -1.282156 3.089231 1
v 0.4344452 -0.3410481 0.8336327 0 0 0.9255405 0.3786486 0 -0.9006982 -0.1645021 0.4020967 0 -0.2218963 -1.28143 3.087457 1
v 0.4265687 -0.3424707 0.8371099 0 0 0.9255405 0.3786486 0 -0.9044552 -0.1615197 0.3948066 0 -0.2262771 -1.280689 3.085647 1
v 0.4186597 -0.3438672 0.8405233 0 0 0.9255405 0.3786486 0 -0.9081432 -0.1585249 0.3874865 0 -0.2306407 -1.279934 3.083801 1
v 0.4107188 -0.3452374 0.8438727 0 0 0.9255405 0.3786486 0 -0.9117621 -0.1555181 0.3801369 0 -0.2349868 -1.279165 3.081921 1
v 0.4027467 -0.3465814 0.8471579 0 0 0.9255405 0.3786486 0 -0.9153115 -0.1524995 0.3727584 0 -0.2393149 -1.278381 3.080006 1
v 0.3947438 -0.347899 0.8503785 0 0 0.9255405 0.3786486 0 -0.9187912 -0.1494692 0.3653514 0 -0.2436248 -1.277583 3.078055 1
v 0.3867109 -0.3491901 0.8535344 0 0 0.9255405 0.3786486 0 -0.922201 -0.1464276 0.3579166 0 -0.2479162 -1.276771 3.07607 1
v 0.3786486 -0.3504546 0.8566252 0 0 0.9255405 0.3786486 0 -0.9255405 -0.1433748 0.3504546 0 -0.2521887 -1.275945 3.07405 1
v 0.3705574 -0.3516925 0.8596509 0 0 0.9255405 0.3786486 0 -0.9288096 -0.1403111 0.3429659 0 -0.2564419 -1.275105 3.071996 1
v 0.362438 -0.3529035 0.862611 0 0 0.9255405 0.3786486 0 -0.9320079 -0.1372367 0.3354511 0 -0.2606757 -1.27425 3.069908 1
v 0.354291 -0.3540877 0.8655055 0 0 0.9255405 0.3786486 0 -0.9351352 -0.1341518 0.3279107 0 -0.2648896 -1.273382 3.067786 1
v 0.346117 -0.3552449 0.8683341 0 0 0.9255405 0.3786486 0 -0.9381913 -0.1310567 0.3203453 0 -0.2690833 -1.2725 3.065629 1
v 0.3379167 -0.356375 0.8710965 0 0 0.9255405 0.3786486 0 -0.941176 -0.1279517 0.3127556 0 -0.2732566 -1.271604 3.063439 1
v 0.3296906 -0.357478 0.8737926 0 0 0.9255405 0.3786486 0 -0.944089 -0.1248369 0.305142 0 -0.277409 -1.270694 3.061215 1
v 0.3214394 -0.3585538 0.8764222 0 0 0.9255405 0.3786486 0 -0.9469301 -0.1217126 0.2975052 0 -0.2815403 -1.26977 3.058958 1
v 0.3131638 -0.3596023 0.878985 0 0 0.9255405 0.3786486 0 -0.9496991 -0.118579 0.2898458 0 -0.2856501 -1.268833 3.056667 1
v 0.3048643 -0.3606234 0.8814809 0 0 0.9255405 0.3786486 0 -0.9523958 -0.1154364 0.2821642 0 -0.2897382 -1.267883 3.054344 1
v 0.2965416 -0.361617 0.8839096 0 0 0.9255405 0.3786486 0 -0.95502 -0.112285 0.2744612 0 -0.2938043 -1.266919 3.051987 1
v 0.2881962 -0.3625831 0.8862711 0 0 0.9255405 0.3786486 0 -0.9575714 -0.1091251 0.2667373 0 -0.297848 -1.265941 3.049598 1
v 0.279829 -0.3635216 0.888565 0 0 0.9255405 0.3786486 0 -0.9600499 -0.1059569 0.2589931 0 -0.3018689 -1.26495 3.047176 1
v 0.2714404 -0.3644323 0.8907913 0 0 0.9255405 0.3786486 0 -0.9624552 -0.1027805 0.2512291 0 -0.3058669 -1.263946 3.044721 1
v 0.2630312 -0.3653154 0.8929498 0 0 0.9255405 0.3786486 0 -0.9647873 -0.0995964 0.243446 0 -0.3098416 -1.262929 3.042235 1
v 0.2546019 -0.3661706 0.8950402 0 0 0.9255405 0.3786486 0 -0.9670459 -0.09640467 0.2356444 0 -0.3137927 -1.261899 3.039716 1
v 0.2461533 -0.3669979 0.8970625 0 0 0.9255405 0.3786486 0 -0.9692309 -0.0932056 0.2278248 0 -0.31772 -1.260855 3.037166 1
v 0.2376859 -0.3677973 0.8990164 0 0 0.9255405 0.3786486 0 -0.9713421 -0.08999943 0.2199879 0 -0.321623 -1.259799 3.034584 1
v 0.2292004 -0.3685687 0.9009019 0 0 0.9255405 0.3786486 0 -0.9733793 -0.0867864 0.2121342 0 -0.3255015 -1.25873 3.031971 1
v 0.2206974 -0.369312 0.9027188 0 0 0.9255405 0.3786486 0 -0.9753423 -0.08356677 0.2042644 0 -0.3293552 -1.257648 3.029326 1
v 0.2121777 -0.3700272 0.904467 0 0 0.9255405 0.3786486 0 -0.9772311 -0.08034077 0.196379 0 -0.3331839 -1.256553 3.02665 1
v 0.2036417 -0.3707142 0.9061462 0 0 0.9255405 0.3786486 0 -0.9790455 -0.07710866 0.1884787 0 -0.3369872 -1.255446 3.023944 1
v 0.1950903 -0.371373 0.9077565 0 0 0.9255405 0.3786486 0 -0.9807853 -0.07387067 0.180564 0 -0.3407648 -1.254326 3.021207 1
v 0.186524 -0.3720035 0.9092976 0 0 0.9255405 0.3786486 0 -0.9824504 -0.07062706 0.1726355 0 -0.3445164 -1.253194 3.018439 1
v 0.1779435 -0.3726056 0.9107695 0 0 0.9255405 0.3786486 0 -0.9840407 -0.06737807 0.1646939 0 -0.3482419 -1.252049 3.015642 1
v 0.1693495 -0.3731794 0.9121721 0 0 0.9255405 0.3786486 0 -0.9855561 -0.06412395 0.1567398 0 -0.3519408 -1.250892 3.012814 1
v 0.1607425 -0.3737248 0.9135051 0 0 0.9255405 0.3786486 0 -0.9869964 -0.06086494 0.1487737 0 -0.3556129 -1.249723 3.009957 1
v 0.1521234 -0.3742417 0.9147686 0 0 0.9255405 0.3786486 0 -0.9883615 -0.0576013 0.1407963 0 -0.3592579 -1.248542 3.00707 1
v 0.1434926 -0.3747301 0.9159624 0 0 0.9255405 0.3786486 0 -0.9896514 -0.05433327 0.1328082 0 -0.3628756 -1.247349 3.004153 1
v 0.1348509 -0.37519 0.9170865 0 0 0.9255405 0.3786486 0 -0.9908659 -0.05106111 0.12481 0 -0.3664656 -1.246144 3.001208 1
v 0.1261989 -0.3756213 0.9181408 0 0 0.9255405 0.3786486 0 -0.992005 -0.04778506 0.1168022 0 -0.3700278 -1.244927 2.998234 1
v 0.1175374 -0.376024 0.9191251 0 0 0.9255405 0.3786486 0 -0.9930685 -0.04450537 0.1087856 0 -0.3735617 -1.243699 2.995231 1
v 0.1088669 -0.3763981 0.9200394 0 0 0.9255405 0.3786486 0 -0.9940563 -0.04122228 0.1007607 0 -0.3770672 -1.242459 2.992199 1
v 0.100188 -0.3767435 0.9208837 0 0 0.9255405 0.3786486 0 -0.9949685 -0.03793606 0.09272809 0 -0.380544 -1.241207 2.98914 1
v 0.0915016 -0.3770602 0.9216578 0 0 0.9255405 0.3786486 0 -0.9958049 -0.03464695 0.08468844 0 -0.3839918 -1.239944 2.986052 1
v 0.08280819 -0.3773481 0.9223617 0 0 0.9255405 0.3786486 0 -0.9965655 -0.03135521 0.07664233 0 -0.3874103 -1.238669 2.982937 1
v 0.07410847 -0.3776074 0.9229954 0 0 0.9255405 0.3786486 0 -0.9972502 -0.02806107 0.06859039 0 -0.3907994 -1.237384 2.979794 1
v 0.06540311 -0.3778379 0.9235589 0 0 0.9255405 0.3786486 0 -0.9978589 -0.0247648 0.06053323 0 -0.3941587 -1.236087 2.976624 1
v 0.05669277 -0.3780396 0.9240519 0 0 0.9255405 0.3786486 0 -0.9983917 -0.02146664 0.05247145 0 -0.397488 -1.234779 2.973427 1
v 0.04797811 -0.3782126 0.9244746 0 0 0.9255405 0.3786486 0 -0.9988484 -0.01816684 0.04440568 0 -0.400787 -1.23346 2.970203 1
v 0.0392598 -0.3783567 0.9248269 0 0 0.9255405 0.3786486 0 -0.999229 -0.01486567 0.03633653 0 -0.4040555 -1.23213 2.966953 1
v 0.03053849 -0.378472 0.9251088 0 0 0.9255405 0.3786486 0 -0.9995336 -0.01156336 0.02826461 0 -0.4072932 -1.23079 2.963676 1
v 0.02181486 -0.3785585 0.9253203 0 0 0.9255405 0.3786486 0 -0.999762 -0.008260168 0.02019054 0 -0.4104999 -1.229439 2.960374 1
v 0.01308958 -0.3786162 0.9254612 0 0 0.9255405 0.3786486 0 -0.9999143 -0.004956349 0.01211493 0 -0.4136753 -1.228077 2.957045 1
v 0.004363289 -0.378645 0.9255317 0 0 0.9255405 0.3786486 0 -0.9999905 -0.001652153 0.004038401 0 -0.4168193 -1.226705 2.953691 1
v -0.00436333 -0.378645 0.9255317 0 -0 0.9255405 0.3786486 0 -0.9999905 0.001652169 -0.004038438 0 -0.4199315 -1.225322 2.950312 1
v -0.01308962 -0.3786162 0.9254612 0 -0 0.9255405 0.3786486 0 -0.9999143 0.004956365 -0.01211497 0 -0.4230117 -1.22393 2.946908 1
v -0.02181491 -0.3785585 0.9253203 0 -0 0.9255405 0.3786486 0 -0.999762 0.008260184 -0.02019058 0 -0.4260597 -1.222527 2.943479 1
v -0.03053853 -0.378472 0.9251088 0 -0 0.9255405 0.3786486 0 -0.9995336 0.01156337 -0.02826465 0 -0.4290753 -1.221114 2.940026 1
v -0.03925984 -0.3783567 0.9248269 0 -0 0.9255405 0.3786486 0 -0.999229 0.01486568 -0.03633657 0 -0.4320581 -1.219691 2.936548 1
v -0.04797815 -0.3782126 0.9244746 0 -0 0.9255405 0.3786486 0 -0.9988484 0.01816686 -0.04440572 0 -0.4350081 -1.218259 2.933046 1
v -0.05669281 -0.3780396 0.9240519 0 -0 0.9255405 0.3786486 0 -0.9983917 0.02146665 -0.05247149 0 -0.437925 -1.216816 2.929521 1
v -0.06540315 -0.3778379 0.9235589 0 -0 0.9255405 0.3786486 0 -0.9978589 0.02476481 -0.06053326 0 -0.4408085 -1.215365 2.925972 1
v -0.07410851 -0.3776074 0.9229954 0 -0 0.9255405 0.3786486 0 -0.9972502 0.02806108 -0.06859043 0 -0.4436584 -1.213903 2.9224 1
v -0.08280823 -0.3773481 0.9223617 0 -0 0.9255405 0.3786486 0 -0.9965655 0.03135522 -0.07664237 0 -0.4464745 -1.212433 2.918806 1
v -0.09150164 -0.3770602 0.9216578 0 -0 0.9255405 0.3786486 0 -0.9958049 0.03464697 -0.08468847 0 -0.4492567 -1.210953 2.915188 1
v -0.1001881 -0.3767435 0.9208837 0 -0 0.9255405 0.3786486 0 -0.9949685 0.03793608 -0.09272813 0 -0.4520046 -1.209464 2.911549 1
v -0.1088669 -0.3763981 0.9200394 0 -0 0.9255405 0.3786486 0 -0.9940563 0.0412223 -0.1007607 0 -0.4547181 -1.207966 2.907887 1
v -0.1175374 -0.376024 0.9191251 0 -0 0.9255405 0.3786486 0 -0.9930685 0.04450538 -0.1087856 0 -0.457397 -1.206459 2.904203 1
v -0.126199 -0.3756213 0.9181408 0 -0 0.9255405 0.3786486 0 -0.9920049 0.04778507 -0.1168023 0 -0.460041 -1.204943 2.900498 1
v -0.134851 -0.37519 0.9170865 0 -0 0.9255405 0.3786486 0 -0.9908659 0.05106113 -0.12481 0 -0.4626501 -1.203418 2.896772 1
v -0.1434926 -0.3747301 0.9159624 0 -0 0.9255405 0.3786486 0 -0.9896514 0.05433329 -0.1328083 0 -0.4652238 -1.201885 2.893025 1
v -0.1521234 -0.3742417 0.9147686 0 -0 0.9255405 0.3786486 0 -0.9883615 0.05760132 -0.1407964 0 -0.4677622 -1.200344 2.889257 1
v -0.1607426 -0.3737248 0.9135051 0 -0 0.9255405 0.3786486 0 -0.9869964 0.06086496 -0.1487738 0 -0.4702649 -1.198794 2.885469 1
v -0.1693495 -0.3731794 0.912172 0 -0 0.9255405 0.3786486 0 -0.9855561 0.06412396 -0.1567398 0 -0.4727318 -1.197236 2.881661 1
v -0.1779436 -0.3726056 0.9107695 0 -0 0.9255405 0.3786486 0 -0.9840407 0.06737808 -0.164694 0 -0.4751628 -1.19567 2.877833 1
v -0.1865241 -0.3720035 0.9092976 0 -0 0.9255405 0.3786486 0 -0.9824504 0.07062708 -0.1726356 0 -0.4775575 -1.194096 2.873985 1
v -0.1950903 -0.371373 0.9077565 0 -0 0.9255405 0.3786486 0 -0.9807853 0.07387069 -0.180564 0 -0.4799159 -1.192514 2.870118 1
v -0.2036418 -0.3707142 0.9061462 0 -0 0.9255405 0.3786486 0 -0.9790455 0.07710867 -0.1884787 0 -0.4822377 -1.190925 2.866233 1
v -0.2121777 -0.3700272 0.904467 0 -0 0.9255405 0.3786486 0 -0.9772311 0.08034079 -0.196379 0 -0.4845228 -1.189327 2.862328 1
v -0.2206975 -0.369312 0.9027188 0 -0 0.9255405 0.3786486 0 -0.9753423 0.08356679 -0.2042644 0 -0.486771 -1.187722 2.858406 1
v -0.2292004 -0.3685687 0.9009019 0 -0 0.9255405 0.3786486 0 -0.9733793 0.08678642 -0.2121343 0 -0.4889821 -1.18611 2.854465 1
v -0.2376859 -0.3677973 0.8990164 0 -0 0.9255405 0.3786486 0 -0.9713421 0.08999944 -0.2199879 0 -0.491156 -1.184491 2.850507 1
v -0.2461533 -0.3669979 0.8970625 0 -0 0.9255405 0.3786486 0 -0.9692309 0.09320561 -0.2278249 0 -0.4932925 -1.182865 2.846532 1
v -0.254602 -0.3661706 0.8950402 0 -0 0.9255405 0.3786486 0 -0.9670459 0.09640468 -0.2356444 0 -0.4953914 -1.181231 2.842539 1
v -0.2630312 -0.3653154 0.8929497 0 -0 0.9255405 0.3786486 0 -0.9647873 0.09959641 -0.2434461 0 -0.4974526 -1.179591 2.838529 1
v -0.2714405 -0.3644323 0.8907913 0 -0 0.9255405 0.3786486 0 -0.9624552 0.1027806 -0.2512291 0 -0.4994759 -1.177944 2.834503 1
v -0.279829 -0.3635215 0.888565 0 -0 0.9255405 0.3786486 0 -0.9600498 0.1059569 -0.2589931 0 -0.5014612 -1.17629 2.830461 1
v -0.2881963 -0.3625831 0.8862711 0 -0 0.9255405 0.3786486 0 -0.9575714 0.1091251 -0.2667373 0 -0.5034082 -1.17463 2.826403 1
v -0.2965416 -0.361617 0.8839096 0 -0 0.9255405 0.3786486 0 -0.9550199 0.1122851 -0.2744613 0 -0.505317 -1.172963 2.822329 1
v -0.3048643 -0.3606233 0.8814809 0 -0 0.9255405 0.3786486 0 -0.9523958 0.1154365 -0.2821643 0 -0.5071872 -1.17129 2.81824 1
v -0.3131638 -0.3596023 0.878985 0 -0 0.9255405 0.3786486 0 -0.9496991 0.118579 -0.2898458 0 -0.5090189 -1.169611 2.814136 1
v -0.3214395 -0.3585538 0.8764222 0 -0 0.9255405 0.3786486 0 -0.9469301 0.1217126 -0.2975053 0 -0.5108118 -1.167926 2.810018 1
v -0.3296907 -0.357478 0.8737926 0 -0 0.9255405 0.3786486 0 -0.944089 0.1248369 -0.3051421 0 -0.5125657 -1.166236 2.805885 1
v -0.3379167 -0.356375 0.8710965 0 -0 0.9255405 0.3786486 0 -0.941176 0.1279517 -0.3127556 0 -0.5142807 -1.164539 2.801738 1
v -0.3461171 -0.3552448 0.8683341 0 -0 0.9255405 0.3786486 0 -0.9381913 0.1310568 -0.3203454 0 -0.5159565 -1.162837 2.797577 1
v -0.3542911 -0.3540876 0.8655055 0 -0 0.9255405 0.3786486 0 -0.9351352 0.1341518 -0.3279107 0 -0.517593 -1.161129 2.793403 1
v -0.3624381 -0.3529035 0.862611 0 -0 0.9255405 0.3786486 0 -0.9320079 0.1372367 -0.3354511 0 -0.51919 -1.159416 2.789216 1
v -0.3705575 -0.3516924 0.8596509 0 -0 0.9255405 0.3786486 0 -0.9288095 0.1403111 -0.3429659 0 -0.5207476 -1.157698 2.785017 1
v -0.3786486 -0.3504546 0.8566252 0 -0 0.9255405 0.3786486 0 -0.9255405 0.1433748 -0.3504546 0 -0.5222654 -1.155975 2.780805 1
v -0.386711 -0.3491901 0.8535343 0 -0 0.9255405 0.3786486 0 -0.922201 0.1464276 -0.3579167 0 -0.5237435 -1.154247 2.77658 1
v -0.3947439 -0.347899 0.8503785 0 -0 0.9255405 0.3786486 0 -0.9187912 0.1494692 -0.3653514 0 -0.5251817 -1.152514 2.772344 1
v -0.4027467 -0.3465814 0.8471578 0 -0 0.9255405 0.3786486 0 -0.9153115 0.1524995 -0.3727584 0 -0.52658 -1.150776 2.768097 1
v -0.4107189 -0.3452374 0.8438727 0 -0 0.9255405 0.3786486 0 -0.911762 0.1555181 -0.380137 0 -0.5279381 -1.149034 2.763838 1
v -0.4186598 -0.3438672 0.8405233 0 -0 0.9255405 0.3786486 0 -0.9081432 0.1585249 -0.3874866 0 -0.529256 -1.147287 2.759569 1
v -0.4265688 -0.3424707 0.8371099 0 -0 0.9255405 0.3786486 0 -0.9044551 0.1615197 -0.3948067 0 -0.5305336 -1.145536 2.755289 1
v -0.4344453 -0.3410481 0.8336327 0 -0 0.9255405 0.3786486 0 -0.9006982 0.1645021 -0.4020967 0 -0.5317708 -1.143781 2.750999 1
v -0.4422887 -0.3395996 0.830092 0 -0 0.9255405 0.3786486 0 -0.8968727 0.167472 -0.4093561 0 -0.5329675 -1.142022 2.746699 1
v -0.4500985 -0.3381252 0.8264882 0 -0 0.9255405 0.3786486 0 -0.8929789 0.1704292 -0.4165844 0 -0.5341237 -1.140259 2.742389 1
v -0.4578739 -0.3366251 0.8228214 0 -0 0.9255405 0.3786486 0 -0.8890171 0.1733733 -0.4237809 0 -0.5352391 -1.138492 2.738071 1
v -0.4656145 -0.3350993 0.8190919 0 -0 0.9255405 0.3786486 0 -0.8849876 0.1763043 -0.4309451 0 -0.5363138 -1.136722 2.733743 1
v -0.4733197 -0.3335481 0.8153 0 -0 0.9255405 0.3786486 0 -0.8808907 0.1792218 -0.4380765 0 -0.5373477 -1.134948 2.729407 1
v -0.4809888 -0.3319714 0.8114461 0 -0 0.9255405 0.3786486 0 -0.8767267 0.1821257 -0.4451746 0 -0.5383406 -1.133171 2.725063 1
v -0.4886213 -0.3303694 0.8075304 0 -0 0.9255405 0.3786486 0 -0.872496 0.1850158 -0.4522388 0 -0.5392925 -1.13139 2.720711 1
v -0.4962165 -0.3287423 0.8035532 0 -0 0.9255405 0.3786486 0 -0.8681988 0.1878917 -0.4592685 0 -0.5402034 -1.129607 2.716352 1
v -0.503774 -0.3270901 0.7995147 0 -0 0.9255405 0.3786486 0 -0.8638355 0.1907533 -0.4662632 0 -0.5410731 -1.12782 2.711985 1
v -0.5112931 -0.325413 0.7954154 0 -0 0.9255405 0.3786486 0 -0.8594064 0.1936004 -0.4732225 0 -0.5419016 -1.126031 2.707612 1
v -0.5187733 -0.3237112 0.7912556 0 -0 0.9255405 0.3786486 0 -0.8549119 0.1964328 -0.4801457 0 -0.5426889 -1.124239 2.703232 1
v -0.5262139 -0.3219847 0.7870354 0 -0 0.9255405 0.3786486 0 -0.8503522 0.1992502 -0.4870323 0 -0.5434348 -1.122444 2.698845 1
v -0.5336145 -0.3202337 0.7827553 0 -0 0.9255405 0.3786486 0 -0.8457278 0.2020524 -0.4938819 0 -0.5441393 -1.120648 2.694453 1
v -0.5409745 -0.3184583 0.7784157 0 -0 0.9255405 0.3786486 0 -0.841039 0.2048392 -0.5006938 0 -0.5448024 -1.118848 2.690055 1
v -0.5482932 -0.3166586 0.7740167 0 -0 0.9255405 0.3786486 0 -0.8362861 0.2076105 -0.5074676 0 -0.545424 -1.117047 2.685653 1
v -0.5555703 -0.3148348 0.7695588 0 -0 0.9255405 0.3786486 0 -0.8314696 0.2103659 -0.5142028 0 -0.5460041 -1.115244 2.681245 1
v -0.5628049 -0.3129871 0.7650423 0 -0 0.9255405 0.3786486 0 -0.8265897 0.2131053 -0.5208988 0 -0.5465426 -1.113439 2.676833 1
v -0.5699968 -0.3111155 0.7604675 0 -0 0.9255405 0.3786486 0 -0.8216469 0.2158285 -0.5275551 0 -0.5470395 -1.111632 2.672416 1
v -0.5771452 -0.3092202 0.7558348 0 -0 0.9255405 0.3786486 0 -0.8166415 0.2185352 -0.5341713 0 -0.5474947 -1.109824 2.667996 1
v -0.5842497 -0.3073014 0.7511446 0 -0 0.9255405 0.3786486 0 -0.811574 0.2212253 -0.5407467 0 -0.5479082 -1.108014 2.663572 1
v -0.5913097 -0.3053591 0.7463971 0 -0 0.9255405 0.3786486 0 -0.8064446 0.2238986 -0.547281 0 -0.54828 -1.106203 2.659146 1
v -0.5983246 -0.3033936 0.7415928 0 -0 0.9255405 0.3786486 0 -0.8012538 0.2265548 -0.5537737 0 -0.54861 -1.104391 2.654716 1
v -0.605294 -0.3014051 0.7367321 0 -0 0.9255405 0.3786486 0 -0.796002 0.2291937 -0.5602241 0 -0.5488983 -1.102577 2.650284 1
v -0.6122173 -0.2993935 0.7318152 0 -0 0.9255405 0.3786486 0 -0.7906896 0.2318152 -0.5666319 0 -0.5491447 -1.100763 2.645849 1
v -0.619094 -0.2973592 0.7268426 0 -0 0.9255405 0.3786486 0 -0.7853169 0.2344191 -0.5729965 0 -0.5493494 -1.098948 2.641413 1
v -0.6259235 -0.2953022 0.7218147 0 -0 0.9255405 0.3786486 0 -0.7798845 0.2370051 -0.5793175 0 -0.5495122 -1.097133 2.636975 1
v -0.6327053 -0.2932227 0.7167317 0 -0 0.9255405 0.3786486 0 -0.7743926 0.239573 -0.5855944 0 -0.5496331 -1.095317 2.632536 1
v -0.639439 -0.2911209 0.7115942 0 -0 0.9255405 0.3786486 0 -0.7688418 0.2421227 -0.5918267 0 -0.5497122 -1.0935 2.628097 1
v -0.646124 -0.2889969 0.7064026 0 -0 0.9255405 0.3786486 0 -0.7632325 0.244654 -0.5980139 0 -0.5497495 -1.091684 2.623657 1
v -0.6527598 -0.2868509 0.7011571 0 -0 0.9255405 0.3786486 0 -0.757565 0.2471666 -0.6041556 0 -0.5497449 -1.089867 2.619216 1
v -0.6593458 -0.2846831 0.6958582 0 -0 0.9255405 0.3786486 0 -0.7518398 0.2496604 -0.6102513 0 -0.5496984 -1.088051 2.614776 1
v -0.6658817 -0.2824936 0.6905063 0 -0 0.9255405 0.3786486 0 -0.7460574 0.2521352 -0.6163005 0 -0.54961 -1.086235 2.610337 1
v -0.6723668 -0.2802826 0.6851018 0 -0 0.9255405 0.3786486 0 -0.7402181 0.2545908 -0.6223027 0 -0.5494798 -1.084419 2.605898 1
v -0.6788008 -0.2780502 0.6796452 0 -0 0.9255405 0.3786486 0 -0.7343225 0.257027 -0.6282576 0 -0.5493078 -1.082603 2.601461 1
v -0.685183 -0.2757967 0.6741368 0 -0 0.9255405 0.3786486 0 -0.728371 0.2594436 -0.6341646 0 -0.5490939 -1.080789 2.597025 1
v -0.6915131 -0.2735221 0.6685771 0 -0 0.9255405 0.3786486 0 -0.7223639 0.2618405 -0.6400234 0 -0.5488382 -1.078975 2.592591 1
v -0.6977905 -0.2712267 0.6629664 0 -0 0.9255405 0.3786486 0 -0.7163019 0.2642174 -0.6458333 0 -0.5485407 -1.077162 2.588159 1
v -0.7040147 -0.2689107 0.6573053 0 -0 0.9255405 0.3786486 0 -0.7101854 0.2665742 -0.6515942 0 -0.5482014 -1.07535 2.58373 1
v -0.7101854 -0.2665742 0.6515941 0 -0 0.9255405 0.3786486 0 -0.7040147 0.2689107 -0.6573053 0 -0.5478204 -1.073539 2.579304 1
v -0.716302 -0.2642174 0.6458333 0 -0 0.9255405 0.3786486 0 -0.6977904 0.2712267 -0.6629665 0 -0.5473976 -1.071729 2.574881 1
v -0.722364 -0.2618405 0.6400233 0 -0 0.9255405 0.3786486 0 -0.691513 0.2735221 -0.6685771 0 -0.5469332 -1.069921 2.570461 1
v -0.728371 -0.2594436 0.6341646 0 -0 0.9255405 0.3786486 0 -0.685183 0.2757967 -0.6741368 0 -0.5464271 -1.068115 2.566046 1
v -0.7343225 -0.257027 0.6282576 0 -0 0.9255405 0.3786486 0 -0.6788007 0.2780502 -0.6796452 0 -0.5458795 -1.06631 2.561635 1
v -0.7402181 -0.2545908 0.6223027 0 -0 0.9255405 0.3786486 0 -0.6723668 0.2802826 -0.6851019 0 -0.5452902 -1.064507 2.557228 1
v -0.7460574 -0.2521352 0.6163004 0 -0 0.9255405 0.3786486 0 -0.6658817 0.2824936 -0.6905063 0 -0.5446594 -1.062707 2.552826 1
v -0.7518398 -0.2496604 0.6102512 0 -0 0.9255405 0.3786486 0 -0.6593458 0.2846831 -0.6958582 0 -0.5439871 -1.060908 2.54843 1
v -0.757565 -0.2471666 0.6041556 0 -0 0.9255405 0.3786486 0 -0.6527597 0.2868509 -0.7011571 0 -0.5432735 -1.059112 2.544039 1
v -0.7632325 -0.2446539 0.5980139 0 -0 0.9255405 0.3786486 0 -0.646124 0.2889969 -0.7064026 0 -0.5425184 -1.057318 2.539654 1
v -0.7688418 -0.2421227 0.5918267 0 -0 0.9255405 0.3786486 0 -0.639439 0.2911209 -0.7115943 0 -0.541722 -1.055526 2.535275 1
v -0.7743927 -0.239573 0.5855944 0 -0 0.9255405 0.3786486 0 -0.6327053 0.2932227 -0.7167318 0 -0.5408844 -1.053738 2.530903 1
v -0.7798845 -0.2370051 0.5793175 0 -0 0.9255405 0.3786486 0 -0.6259235 0.2953022 -0.7218147 0 -0.5400056 -1.051952 2.526538 1
v -0.7853169 -0.2344191 0.5729965 0 -0 0.9255405 0.3786486 0 -0.6190939 0.2973592 -0.7268426 0 -0.5390856 -1.050169 2.52218 1
v -0.7906896 -0.2318152 0.5666319 0 -0 0.9255405 0.3786486 0 -0.6122173 0.2993935 -0.7318152 0 -0.5381246 -1.048389 2.51783 1
v -0.796002 -0.2291937 0.5602241 0 -0 0.9255405 0.3786486 0 -0.605294 0.3014051 -0.7367321 0 -0.5371227 -1.046613 2.513488 1
v -0.8012538 -0.2265548 0.5537736 0 -0 0.9255405 0.3786486 0 -0.5983246 0.3033937 -0.7415929 0 -0.5360798 -1.04484 2.509154 1
v -0.8064446 -0.2238986 0.547281 0 -0 0.9255405 0.3786486 0 -0.5913096 0.3053591 -0.7463972 0 -0.5349961 -1.04307 2.504828 1
v -0.811574 -0.2212253 0.5407467 0 -0 0.9255405 0.3786486 0 -0.5842496 0.3073014 -0.7511446 0 -0.5338716 -1.041304 2.500512 1
v -0.8166416 -0.2185352 0.5341712 0 -0 0.9255405 0.3786486 0 -0.5771452 0.3092202 -0.7558348 0 -0.5327065 -1.039542 2.496204 1
v -0.8216469 -0.2158285 0.5275551 0 -0 0.9255405 0.3786486 0 -0.5699967 0.3111155 -0.7604675 0 -0.5315008 -1.037784 2.491907 1
v -0.8265898 -0.2131053 0.5208987 0 -0 0.9255405 0.3786486 0 -0.5628049 0.3129871 -0.7650423 0 -0.5302547 -1.036029 2.487619 1
v -0.8314696 -0.2103659 0.5142027 0 -0 0.9255405 0.3786486 0 -0.5555702 0.3148348 -0.7695588 0 -0.5289682 -1.034279 2.483341 1
v -0.8362862 -0.2076105 0.5074676 0 -0 0.9255405 0.3786486 0 -0.5482932 0.3166586 -0.7740167 0 -0.5276413 -1.032534 2.479074 1
v -0.841039 -0.2048392 0.5006938 0 -0 0.9255405 0.3786486 0 -0.5409745 0.3184583 -0.7784157 0 -0.5262744 -1.030792 2.474818 1
v -0.8457278 -0.2020524 0.4938818 0 -0 0.9255405 0.3786486 0 -0.5336145 0.3202337 -0.7827554 0 -0.5248673 -1.029056 2.470573 1
v -0.8503522 -0.1992502 0.4870323 0 -0 0.9255405 0.3786486 0 -0.5262139 0.3219847 -0.7870354 0 -0.5234202 -1.027324 2.466339 1
v -0.8549119 -0.1964328 0.4801456 0 -0 0.9255405 0.3786486 0 -0.5187732 0.3237112 -0.7912556 0 -0.5219333 -1.025597 2.462118 1
v -0.8594064 -0.1936004 0.4732224 0 -0 0.9255405 0.3786486 0 -0.5112931 0.3254131 -0.7954155 0 -0.5204067 -1.023875 2.457908 1
v -0.8638355 -0.1907533 0.4662632 0 -0 0.9255405 0.3786486 0 -0.503774 0.3270901 -0.7995148 0 -0.5188404 -1.022158 2.453711 1
v -0.8681988 -0.1878917 0.4592685 0 -0 0.9255405 0.3786486 0 -0.4962165 0.3287423 -0.8035532 0 -0.5172346 -1.020446 2.449527 1
v -0.872496 -0.1850157 0.4522387 0 -0 0.9255405 0.3786486 0 -0.4886212 0.3303694 -0.8075304 0 -0.5155894 -1.018739 2.445356 1
v -0.8767268 -0.1821257 0.4451746 0 -0 0.9255405 0.3786486 0 -0.4809888 0.3319714 -0.8114461 0 -0.513905 -1.017038 2.441199 1
v -0.8808907 -0.1792218 0.4380765 0 -0 0.9255405 0.3786486 0 -0.4733196 0.3335481 -0.8153001 0 -0.5121814 -1.015343 2.437055 1
v -0.8849876 -0.1763043 0.4309451 0 -0 0.9255405 0.3786486 0 -0.4656145 0.3350993 -0.8190919 0 -0.5104188 -1.013654 2.432925 1
v -0.8890172 -0.1733733 0.4237808 0 -0 0.9255405 0.3786486 0 -0.4578739 0.3366251 -0.8228214 0 -0.5086174 -1.01197 2.42881 1
v -0.892979 -0.1704291 0.4165843 0 -0 0.9255405 0.3786486 0 -0.4500984 0.3381252 -0.8264882 0 -0.5067772 -1.010292 2.424709 1
v -0.8968728 -0.167472 0.4093561 0 -0 0.9255405 0.3786486 0 -0.4422887 0.3395996 -0.8300921 0 -0.5048984 -1.008621 2.420623 1
v -0.9006982 -0.1645021 0.4020967 0 -0 0.9255405 0.3786486 0 -0.4344452 0.3410481 -0.8336327 0 -0.5029811 -1.006956 2.416553 1
v -0.9044552 -0.1615197 0.3948066 0 -0 0.9255405 0.3786486 0 -0.4265687 0.3424707 -0.8371099 0 -0.5010256 -1.005297 2.412499 1
v -0.9081432 -0.1585249 0.3874865 0 -0 0.9255405 0.3786486 0 -0.4186597 0.3438672 -0.8405233 0 -0.4990319 -1.003645 2.40846 1
v -0.9117621 -0.1555181 0.3801369 0 -0 0.9255405 0.3786486 0 -0.4107188 0.3452374 -0.8438727 0 -0.4970002 -1.001999 2.404437 1
v -0.9153115 -0.1524995 0.3727584 0 -0 0.9255405 0.3786486 0 -0.4027467 0.3465814 -0.8471579 0 -0.4949307 -1.00036 2.400432 1
v -0.9187912 -0.1494692 0.3653514 0 -0 0.9255405 0.3786486 0 -0.3947438 0.347899 -0.8503785 0 -0.4928234 -0.9987283 2.396443 1
v -0.922201 -0.1464276 0.3579166 0 -0 0.9255405 0.3786486 0 -0.3867109 0.3491901 -0.8535344 0 -0.4906787 -0.9971033 2.392471 1
v -0.9255405 -0.1433748 0.3504546 0 -0 0.9255405 0.3786486 0 -0.3786486 0.3504546 -0.8566252 0 -0.4884965 -0.9954856 2.388516 1
v -0.9288096 -0.1403111 0.3429659 0 -0 0.9255405 0.3786486 0 -0.3705574 0.3516925 -0.8596509 0 -0.4862772 -0.9938751 2.38458 1
v -0.9320079 -0.1372367 0.3354511 0 -0 0.9255405 0.3786486 0 -0.362438 0.3529035 -0.862611 0 -0.4840208 -0.992272 2.380661 1
v -0.9351352 -0.1341518 0.3279107 0 -0 0.9255405 0.3786486 0 -0.354291 0.3540877 -0.8655055 0 -0.4817276 -0.9906764 2.376761 1
v -0.9381913 -0.1310567 0.3203453 0 -0 0.9255405 0.3786486 0 -0.346117 0.3552449 -0.8683341 0 -0.4793977 -0.9890884 2.37288 1
v -0.941176 -0.1279517 0.3127556 0 -0 0.9255405 0.3786486 0 -0.3379167 0.356375 -0.8710965 0 -0.4770313 -0.9875082 2.369017 1
v -0.944089 -0.1248369 0.305142 0 -0 0.9255405 0.3786486 0 -0.3296906 0.357478 -0.8737926 0 -0.4746285 -0.9859359 2.365174 1
v -0.9469301 -0.1217126 0.2975052 0 -0 0.9255405 0.3786486 0 -0.3214394 0.3585538 -0.8764222 0 -0.4721896 -0.9843716 2.36135 1
v -0.9496991 -0.118579 0.2898458 0 -0 0.9255405 0.3786486 0 -0.3131638 0.3596023 -0.878985 0 -0.4697148 -0.9828154 2.357546 1
v -0.9523958 -0.1154364 0.2821642 0 -0 0.9255405 0.3786486 0 -0.3048643 0.3606234 -0.8814809 0 -0.4672042 -0.9812675 2.353763 1
v -0.95502 -0.112285 0.2744612 0 -0 0.9255405 0.3786486 0 -0.2965416 0.361617 -0.8839096 0 -0.464658 -0.9797279 2.349999 1
v -0.9575714 -0.1091251 0.2667373 0 -0 0.9255405 0.3786486 0 -0.2881962 0.3625831 -0.8862711 0 -0.4620764 -0.9781967 2.346257 1
v -0.9600499 -0.1059569 0.2589931 0 -0 0.9255405 0.3786486 0 -0.279829 0.3635216 -0.888565 0 -0.4594596 -0.9766742 2.342535 1
v -0.9624552 -0.1027805 0.2512291 0 -0 0.9255405 0.3786486 0 -0.2714404 0.3644323 -0.8907913 0 -0.4568078 -0.9751604 2.338835 1
v -0.9647873 -0.0995964 0.243446 0 -0 0.9255405 0.3786486 0 -0.2630312 0.3653154 -0.8929498 0 -0.4541213 -0.9736554 2.335156 1
v -0.9670459 -0.09640467 0.2356444 0 -0 0.9255405 0.3786486 0 -0.2546019 0.3661706 -0.8950402 0 -0.4514002 -0.9721593 2.331499 1
v -0.9692309 -0.0932056 0.2278248 0 -0 0.9255405 0.3786486 0 -0.2461533 0.3669979 -0.8970625 0 -0.4486446 -0.9706722 2.327864 1
v -0.9713421 -0.08999943 0.2199879 0 -0 0.9255405 0.3786486 0 -0.2376859 0.3677973 -0.8990164 0 -0.445855 -0.9691944 2.324252 1
v -0.9733793 -0.0867864 0.2121342 0 -0 0.9255405 0.3786486 0 -0.2292004 0.3685687 -0.9009019 0 -0.4430313 -0.9677258 2.320662 1
v -0.9753423 -0.08356677 0.2042644 0 -0 0.9255405 0.3786486 0 -0.2206974 0.369312 -0.9027188 0 -0.440174 -0.9662666 2.317096 1
v -0.9772311 -0.08034077 0.196379 0 -0 0.9255405 0.3786486 0 -0.2121777 0.3700272 -0.904467 0 -0.4372831 -0.9648168 2.313552 1
v -0.9790455 -0.07710866 0.1884787 0 -0 0.9255405 0.3786486 0 -0.2036417 0.3707142 -0.9061462 0 -0.4343589 -0.9633767 2.310032 1
v -0.9807853 -0.07387067 0.180564 0 -0 0.9255405 0.3786486 0 -0.1950903 0.371373 -0.9077565 0 -0.4314016 -0.9619463 2.306536 1
