# generated by tools/sample_orbit_path.py
# orbit_json: tools/benchmark_path_chairs.json
# frames: 720  span_deg: -360.000  az_start: -84.750
# notes: Orbit inferred from a single calibrated pose by orbit_from_pose.py. look_at source: closest-point-on-ray-to-origin. camera_y / radius come from the anchor pose; axis snapped to +Y.
fov_half_rad: 0.524
ply: data/chairs.ply
v 0.9958049 0.02903389 -0.08677316 0 0 0.9483237 0.3173046 0 0.09150163 -0.3159735 0.9443454 0 -0.0652107 -1.313546 1.483383 1
v 0.9965655 0.02627543 -0.07852899 0 0 0.9483237 0.3173046 0 0.08280822 -0.3162149 0.9450666 0 -0.06884538 -1.313361 1.482828 1
v 0.9972502 0.02351497 -0.07027885 0 0 0.9483237 0.3173046 0 0.0741085 -0.3164321 0.9457159 0 -0.07247483 -1.313165 1.482244 1
v 0.9978589 0.02075272 -0.06202335 0 0 0.9483237 0.3173046 0 0.06540314 -0.3166253 0.9462932 0 -0.07609876 -1.312959 1.481629 1
v 0.9983917 0.01798889 -0.05376312 0 0 0.9483237 0.3173046 0 0.0566928 -0.3167943 0.9467984 0 -0.07971689 -1.312744 1.480984 1
v 0.9988484 0.01522369 -0.04549881 0 0 0.9483237 0.3173046 0 0.04797814 -0.3169392 0.9472316 0 -0.08332895 -1.312518 1.48031 1
v 0.999229 0.01245733 -0.03723102 0 0 0.9483237 0.3173046 0 0.03925983 -0.31706 0.9475925 0 -0.08693466 -1.312282 1.479605 1
v 0.9995336 0.009690016 -0.02896041 0 0 0.9483237 0.3173046 0 0.03053853 -0.3171567 0.9478814 0 -0.09053376 -1.312037 1.478871 1
v 0.999762 0.006921968 -0.02068758 0 0 0.9483237 0.3173046 0 0.0218149 -0.3172291 0.948098 0 -0.09412595 -1.311781 1.478107 1
v 0.9999143 0.004153393 -0.01241318 0 0 0.9483237 0.3173046 0 0.01308961 -0.3172775 0.9482424 0 -0.09771099 -1.311515 1.477313 1
v 0.9999905 0.001384502 -0.004137841 0 0 0.9483237 0.3173046 0 0.004363321 -0.3173016 0.9483146 0 -0.1012886 -1.31124 1.476489 1
v 0.9999905 -0.001384495 0.004137818 0 0 0.9483237 0.3173046 0 -0.004363297 -0.3173016 0.9483146 0 -0.1048585 -1.310954 1.475636 1
v 0.9999143 -0.004153386 0.01241316 0 0 0.9483237 0.3173046 0 -0.01308958 -0.3172775 0.9482424 0 -0.1084203 -1.310659 1.474754 1
v 0.999762 -0.006921961 0.02068756 0 0 0.9483237 0.3173046 0 -0.02181487 -0.3172291 0.948098 0 -0.111974 -1.310354 1.473842 1
v 0.9995336 -0.009690008 0.02896038 0 0 0.9483237 0.3173046 0 -0.0305385 -0.3171567 0.9478814 0 -0.1155191 -1.310039 1.4729 1
v 0.999229 -0.01245732 0.037231 0 0 0.9483237 0.3173046 0 -0.0392598 -0.31706 0.9475925 0 -0.1190554 -1.309714 1.47193 1
v 0.9988484 -0.01522368 0.04549878 0 0 0.9483237 0.3173046 0 -0.04797812 -0.3169392 0.9472316 0 -0.1225826 -1.30938 1.47093 1
v 0.9983917 -0.01798888 0.0537631 0 0 0.9483237 0.3173046 0 -0.05669278 -0.3167943 0.9467984 0 -0.1261005 -1.309035 1.469901 1
v 0.9978589 -0.02075271 0.06202332 0 0 0.9483237 0.3173046 0 -0.06540312 -0.3166253 0.9462932 0 -0.1296089 -1.308681 1.468843 1
v 0.9972502 -0.02351496 0.07027882 0 0 0.9483237 0.3173046 0 -0.07410848 -0.3164321 0.9457159 0 -0.1331073 -1.308318 1.467756 1
v 0.9965655 -0.02627543 0.07852897 0 0 0.9483237 0.3173046 0 -0.0828082 -0.3162149 0.9450666 0 -0.1365956 -1.307944 1.46664 1
v 0.9958049 -0.02903388 0.08677314 0 0 0.9483237 0.3173046 0 -0.09150161 -0.3159735 0.9443454 0 -0.1400735 -1.307561 1.465495 1
v 0.9949685 -0.03179013 0.0950107 0 0 0.9483237 0.3173046 0 -0.100188 -0.3157081 0.9435522 0 -0.1435407 -1.307168 1.464321 1
v 0.9940563 -0.03454396 0.103241 0 0 0.9483237 0.3173046 0 -0.1088669 -0.3154187 0.9426871 0 -0.146997 -1.306766 1.463119 1
v 0.9930685 -0.03729516 0.1114635 0 0 0.9483237 0.3173046 0 -0.1175374 -0.3151052 0.9417503 0 -0.1504421 -1.306354 1.461888 1
v 0.992005 -0.04004352 0.1196775 0 0 0.9483237 0.3173046 0 -0.126199 -0.3147678 0.9407418 0 -0.1538758 -1.305933 1.460629 1
v 0.9908659 -0.04278882 0.1278823 0 0 0.9483237 0.3173046 0 -0.1348509 -0.3144064 0.9396616 0 -0.1572977 -1.305502 1.459342 1
v 0.9896514 -0.04553087 0.1360774 0 0 0.9483237 0.3173046 0 -0.1434926 -0.314021 0.9385098 0 -0.1607076 -1.305062 1.458026 1
v 0.9883615 -0.04826945 0.1442622 0 0 0.9483237 0.3173046 0 -0.1521234 -0.3136117 0.9372866 0 -0.1641054 -1.304612 1.456682 1
v 0.9869964 -0.05100436 0.152436 0 0 0.9483237 0.3173046 0 -0.1607426 -0.3131785 0.935992 0 -0.1674906 -1.304153 1.45531 1
v 0.9855561 -0.05373538 0.1605981 0 0 0.9483237 0.3173046 0 -0.1693495 -0.3127215 0.9346261 0 -0.170863 -1.303685 1.45391 1
v 0.9840407 -0.05646231 0.1687481 0 0 0.9483237 0.3173046 0 -0.1779435 -0.3122407 0.9331891 0 -0.1742225 -1.303207 1.452482 1
v 0.9824504 -0.05918494 0.1768851 0 0 0.9483237 0.3173046 0 -0.186524 -0.3117361 0.931681 0 -0.1775687 -1.30272 1.451026 1
v 0.9807853 -0.06190306 0.1850088 0 0 0.9483237 0.3173046 0 -0.1950903 -0.3112077 0.9301019 0 -0.1809013 -1.302224 1.449543 1
v 0.9790455 -0.06461647 0.1931183 0 0 0.9483237 0.3173046 0 -0.2036417 -0.3106557 0.928452 0 -0.1842202 -1.301718 1.448032 1
v 0.9772311 -0.06732496 0.2012131 0 0 0.9483237 0.3173046 0 -0.2121777 -0.31008 0.9267314 0 -0.187525 -1.301203 1.446494 1
v 0.9753423 -0.07002832 0.2092926 0 0 0.9483237 0.3173046 0 -0.2206974 -0.3094806 0.9249402 0 -0.1908156 -1.30068 1.444928 1
v 0.9733793 -0.07272634 0.2173561 0 0 0.9483237 0.3173046 0 -0.2292004 -0.3088578 0.9230786 0 -0.1940917 -1.300147 1.443335 1
v 0.9713421 -0.07541883 0.2254031 0 0 0.9483237 0.3173046 0 -0.2376859 -0.3082114 0.9211467 0 -0.1973529 -1.299605 1.441716 1
v 0.9692309 -0.07810558 0.233433 0 0 0.9483237 0.3173046 0 -0.2461533 -0.3075415 0.9191446 0 -0.2005991 -1.299054 1.440069 1
v 0.9670459 -0.08078638 0.241445 0 0 0.9483237 0.3173046 0 -0.2546019 -0.3068482 0.9170725 0 -0.2038301 -1.298494 1.438395 1
v 0.9647873 -0.08346102 0.2494387 0 0 0.9483237 0.3173046 0 -0.2630312 -0.3061315 0.9149306 0 -0.2070455 -1.297925 1.436695 1
v 0.9624552 -0.08612931 0.2574134 0 0 0.9483237 0.3173046 0 -0.2714404 -0.3053915 0.9127191 0 -0.2102452 -1.297347 1.434969 1
v 0.9600499 -0.08879104 0.2653685 0 0 0.9483237 0.3173046 0 -0.279829 -0.3046283 0.910438 0 -0.2134288 -1.296761 1.433216 1
v 0.9575714 -0.09144601 0.2733033 0 0 0.9483237 0.3173046 0 -0.2881963 -0.3038418 0.9080876 0 -0.2165962 -1.296165 1.431436 1
v 0.9550199 -0.09409402 0.2812174 0 0 0.9483237 0.3173046 0 -0.2965416 -0.3030323 0.905668 0 -0.2197471 -1.295561 1.429631 1
v 0.9523958 -0.09673485 0.28911 0 0 0.9483237 0.3173046 0 -0.3048643 -0.3021996 0.9031795 0 -0.2228813 -1.294948 1.427799 1
v 0.9496991 -0.09936833 0.2969806 0 0 0.9483237 0.3173046 0 -0.3131638 -0.3013439 0.9006222 0 -0.2259985 -1.294327 1.425942 1
v 0.9469301 -0.1019942 0.3048286 0 0 0.9483237 0.3173046 0 -0.3214395 -0.3004653 0.8979962 0 -0.2290985 -1.293697 1.424059 1
v 0.944089 -0.1046124 0.3126534 0 0 0.9483237 0.3173046 0 -0.3296906 -0.2995638 0.895302 0 -0.232181 -1.293058 1.42215 1
v 0.941176 -0.1072225 0.3204544 0 0 0.9483237 0.3173046 0 -0.3379167 -0.2986395 0.8925395 0 -0.2352459 -1.292411 1.420216 1
v 0.9381913 -0.1098245 0.328231 0 0 0.9483237 0.3173046 0 -0.346117 -0.2976925 0.889709 0 -0.2382928 -1.291755 1.418256 1
v 0.9351352 -0.1124182 0.3359826 0 0 0.9483237 0.3173046 0 -0.354291 -0.2967227 0.8868108 0 -0.2413216 -1.291091 1.416272 1
v 0.9320079 -0.1150033 0.3437086 0 0 0.9483237 0.3173046 0 -0.362438 -0.2957304 0.8838451 0 -0.244332 -1.290419 1.414262 1
v 0.9288096 -0.1175796 0.3514084 0 0 0.9483237 0.3173046 0 -0.3705574 -0.2947156 0.8808121 0 -0.2473239 -1.289738 1.412228 1
v 0.9255405 -0.120147 0.3590814 0 0 0.9483237 0.3173046 0 -0.3786486 -0.2936783 0.877712 0 -0.2502968 -1.289049 1.410169 1
v 0.922201 -0.1227052 0.3667271 0 0 0.9483237 0.3173046 0 -0.386711 -0.2926187 0.874545 0 -0.2532508 -1.288352 1.408085 1
v 0.9187912 -0.1252541 0.3743449 0 0 0.9483237 0.3173046 0 -0.3947438 -0.2915367 0.8713114 0 -0.2561854 -1.287647 1.405977 1
v 0.9153115 -0.1277934 0.3819342 0 0 0.9483237 0.3173046 0 -0.4027467 -0.2904326 0.8680115 0 -0.2591005 -1.286933 1.403845 1
v 0.911762 -0.130323 0.3894944 0 0 0.9483237 0.3173046 0 -0.4107188 -0.2893063 0.8646455 0 -0.2619959 -1.286212 1.401689 1
v 0.9081432 -0.1328427 0.3970249 0 0 0.9483237 0.3173046 0 -0.4186597 -0.288158 0.8612137 0 -0.2648713 -1.285482 1.399508 1
v 0.9044552 -0.1353522 0.4045252 0 0 0.9483237 0.3173046 0 -0.4265687 -0.2869878 0.8577162 0 -0.2677266 -1.284745 1.397305 1
v 0.9006982 -0.1378515 0.4119947 0 0 0.9483237 0.3173046 0 -0.4344452 -0.2857957 0.8541535 0 -0.2705615 -1.284 1.395077 1
v 0.8968727 -0.1403403 0.4194328 0 0 0.9483237 0.3173046 0 -0.4422887 -0.2845819 0.8505256 0 -0.2733757 -1.283247 1.392827 1
v 0.8929789 -0.1428183 0.426839 0 0 0.9483237 0.3173046 0 -0.4500984 -0.2833464 0.8468331 0 -0.2761692 -1.282486 1.390553 1
v 0.8890171 -0.1452855 0.4342127 0 0 0.9483237 0.3173046 0 -0.4578739 -0.2820893 0.843076 0 -0.2789416 -1.281717 1.388256 1
v 0.8849876 -0.1477416 0.4415533 0 0 0.9483237 0.3173046 0 -0.4656145 -0.2808107 0.8392547 0 -0.2816928 -1.280941 1.385936 1
v 0.8808907 -0.1501865 0.4488602 0 0 0.9483237 0.3173046 0 -0.4733197 -0.2795107 0.8353695 0 -0.2844225 -1.280157 1.383593 1
v 0.8767268 -0.15262 0.456133 0 0 0.9483237 0.3173046 0 -0.4809888 -0.2781895 0.8314207 0 -0.2871306 -1.279366 1.381228 1
v 0.872496 -0.1550418 0.4633711 0 0 0.9483237 0.3173046 0 -0.4886212 -0.276847 0.8274086 0 -0.2898168 -1.278567 1.378841 1
v 0.8681988 -0.1574518 0.4705738 0 0 0.9483237 0.3173046 0 -0.4962165 -0.2754835 0.8233335 0 -0.2924809 -1.277761 1.376431 1
v 0.8638355 -0.1598498 0.4777408 0 0 0.9483237 0.3173046 0 -0.503774 -0.274099 0.8191957 0 -0.2951228 -1.276947 1.374 1
v 0.8594064 -0.1622357 0.4848713 0 0 0.9483237 0.3173046 0 -0.5112931 -0.2726936 0.8149954 0 -0.2977422 -1.276127 1.371547 1
v 0.8549119 -0.1646092 0.4919649 0 0 0.9483237 0.3173046 0 -0.5187732 -0.2712675 0.8107332 0 -0.3003389 -1.275298 1.369072 1
v 0.8503522 -0.1669701 0.4990211 0 0 0.9483237 0.3173046 0 -0.5262139 -0.2698207 0.8064091 0 -0.3029127 -1.274463 1.366576 1
v 0.8457278 -0.1693184 0.5060393 0 0 0.9483237 0.3173046 0 -0.5336145 -0.2683534 0.8020237 0 -0.3054635 -1.273621 1.364059 1
v 0.841039 -0.1716537 0.5130189 0 0 0.9483237 0.3173046 0 -0.5409745 -0.2668656 0.7975772 0 -0.307991 -1.272772 1.36152 1
v 0.8362862 -0.173976 0.5199594 0 0 0.9483237 0.3173046 0 -0.5482932 -0.2653575 0.79307 0 -0.310495 -1.271915 1.358961 1
v 0.8314696 -0.176285 0.5268604 0 0 0.9483237 0.3173046 0 -0.5555702 -0.2638292 0.7885023 0 -0.3129755 -1.271052 1.356381 1
v 0.8265898 -0.1785806 0.5337212 0 0 0.9483237 0.3173046 0 -0.5628049 -0.2622808 0.7838746 0 -0.315432 -1.270182 1.353781 1
v 0.8216469 -0.1808626 0.5405414 0 0 0.9483237 0.3173046 0 -0.5699968 -0.2607124 0.7791872 0 -0.3178646 -1.269305 1.35116 1
v 0.8166416 -0.1831308 0.5473204 0 0 0.9483237 0.3173046 0 -0.5771452 -0.2591242 0.7744405 0 -0.3202729 -1.268422 1.34852 1
v 0.811574 -0.1853851 0.5540578 0 0 0.9483237 0.3173046 0 -0.5842497 -0.2575162 0.7696348 0 -0.3226569 -1.267532 1.345859 1
v 0.8064446 -0.1876253 0.5607529 0 0 0.9483237 0.3173046 0 -0.5913096 -0.2558886 0.7647705 0 -0.3250163 -1.266635 1.343179 1
v 0.8012538 -0.1898512 0.5674054 0 0 0.9483237 0.3173046 0 -0.5983246 -0.2542416 0.759848 0 -0.3273509 -1.265732 1.34048 1
v 0.796002 -0.1920626 0.5740146 0 0 0.9483237 0.3173046 0 -0.605294 -0.2525751 0.7548675 0 -0.3296606 -1.264822 1.337761 1
v 0.7906896 -0.1942594 0.5805801 0 0 0.9483237 0.3173046 0 -0.6122173 -0.2508895 0.7498296 0 -0.3319452 -1.263906 1.335024 1
v 0.7853169 -0.1964414 0.5871014 0 0 0.9483237 0.3173046 0 -0.6190939 -0.2491847 0.7447346 0 -0.3342045 -1.262984 1.332267 1
v 0.7798845 -0.1986084 0.593578 0 0 0.9483237 0.3173046 0 -0.6259235 -0.247461 0.7395829 0 -0.3364384 -1.262055 1.329492 1
v 0.7743927 -0.2007603 0.6000094 0 0 0.9483237 0.3173046 0 -0.6327053 -0.2457184 0.7343749 0 -0.3386466 -1.261121 1.326699 1
v 0.7688418 -0.202897 0.6063951 0 0 0.9483237 0.3173046 0 -0.639439 -0.2439571 0.7291109 0 -0.3408291 -1.26018 1.323887 1
v 0.7632325 -0.2050181 0.6127346 0 0 0.9483237 0.3173046 0 -0.646124 -0.2421772 0.7237914 0 -0.3429856 -1.259233 1.321058 1
v 0.757565 -0.2071237 0.6190275 0 0 0.9483237 0.3173046 0 -0.6527597 -0.2403789 0.7184168 0 -0.345116 -1.25828 1.31821 1
v 0.7518398 -0.2092135 0.6252732 0 0 0.9483237 0.3173046 0 -0.6593458 -0.2385623 0.7129875 0 -0.3472201 -1.257322 1.315346 1
v 0.7460574 -0.2112873 0.6314713 0 0 0.9483237 0.3173046 0 -0.6658817 -0.2367275 0.7075039 0 -0.3492977 -1.256358 1.312464 1
v 0.7402181 -0.2133451 0.6376213 0 0 0.9483237 0.3173046 0 -0.6723668 -0.2348747 0.7019664 0 -0.3513488 -1.255387 1.309564 1
v 0.7343225 -0.2153866 0.6437228 0 0 0.9483237 0.3173046 0 -0.6788007 -0.2330039 0.6963754 0 -0.3533731 -1.254412 1.306648 1
v 0.728371 -0.2174117 0.6497752 0 0 0.9483237 0.3173046 0 -0.685183 -0.2311155 0.6907314 0 -0.3553705 -1.253431 1.303716 1
v 0.722364 -0.2194203 0.6557782 0 0 0.9483237 0.3173046 0 -0.691513 -0.2292094 0.6850348 0 -0.3573408 -1.252444 1.300767 1
v 0.716302 -0.2214122 0.6617312 0 0 0.9483237 0.3173046 0 -0.6977905 -0.2272859 0.6792861 0 -0.3592839 -1.251452 1.297801 1
v 0.7101854 -0.2233871 0.6676338 0 0 0.9483237 0.3173046 0 -0.7040147 -0.2253451 0.6734856 0 -0.3611997 -1.250454 1.29482 1
v 0.7040147 -0.2253451 0.6734856 0 0 0.9483237 0.3173046 0 -0.7101854 -0.2233871 0.6676338 0 -0.3630879 -1.249451 1.291823 1
v 0.6977905 -0.2272859 0.6792861 0 0 0.9483237 0.3173046 0 -0.7163019 -0.2214122 0.6617312 0 -0.3649485 -1.248443 1.28881 1
v 0.6915131 -0.2292094 0.6850348 0 0 0.9483237 0.3173046 0 -0.722364 -0.2194203 0.6557782 0 -0.3667813 -1.24743 1.285783 1
v 0.685183 -0.2311155 0.6907314 0 0 0.9483237 0.3173046 0 -0.728371 -0.2174117 0.6497752 0 -0.3685862 -1.246412 1.28274 1
v 0.6788008 -0.2330039 0.6963754 0 0 0.9483237 0.3173046 0 -0.7343225 -0.2153866 0.6437228 0 -0.370363 -1.245389 1.279682 1
v 0.6723668 -0.2348746 0.7019664 0 0 0.9483237 0.3173046 0 -0.7402181 -0.2133451 0.6376214 0 -0.3721116 -1.244361 1.27661 1
v 0.6658817 -0.2367275 0.7075039 0 0 0.9483237 0.3173046 0 -0.7460574 -0.2112873 0.6314713 0 -0.3738319 -1.243328 1.273523 1
v 0.6593458 -0.2385623 0.7129875 0 0 0.9483237 0.3173046 0 -0.7518398 -0.2092135 0.6252732 0 -0.3755236 -1.242291 1.270423 1
v 0.6527598 -0.2403789 0.7184168 0 0 0.9483237 0.3173046 0 -0.757565 -0.2071237 0.6190275 0 -0.3771868 -1.241249 1.267308 1
v 0.646124 -0.2421772 0.7237914 0 0 0.9483237 0.3173046 0 -0.7632325 -0.2050181 0.6127347 0 -0.3788213 -1.240202 1.26418 1
v 0.639439 -0.2439571 0.7291109 0 0 0.9483237 0.3173046 0 -0.7688418 -0.202897 0.6063951 0 -0.3804269 -1.239151 1.261038 1
v 0.6327053 -0.2457184 0.7343749 0 0 0.9483237 0.3173046 0 -0.7743926 -0.2007603 0.6000094 0 -0.3820036 -1.238095 1.257883 1
v 0.6259235 -0.247461 0.7395829 0 0 0.9483237 0.3173046 0 -0.7798845 -0.1986084 0.593578 0 -0.3835511 -1.237035 1.254715 1
v 0.619094 -0.2491847 0.7447346 0 0 0.9483237 0.3173046 0 -0.7853169 -0.1964414 0.5871014 0 -0.3850695 -1.235971 1.251535 1
v 0.6122173 -0.2508895 0.7498296 0 0 0.9483237 0.3173046 0 -0.7906896 -0.1942594 0.5805801 0 -0.3865585 -1.234903 1.248342 1
v 0.605294 -0.2525751 0.7548675 0 0 0.9483237 0.3173046 0 -0.796002 -0.1920626 0.5740146 0 -0.3880181 -1.23383 1.245137 1
v 0.5983246 -0.2542416 0.7598479 0 0 0.9483237 0.3173046 0 -0.8012538 -0.1898512 0.5674054 0 -0.3894482 -1.232754 1.24192 1
v 0.5913097 -0.2558886 0.7647705 0 0 0.9483237 0.3173046 0 -0.8064446 -0.1876253 0.5607529 0 -0.3908485 -1.231674 1.238691 1
v 0.5842497 -0.2575162 0.7696348 0 0 0.9483237 0.3173046 0 -0.811574 -0.1853851 0.5540578 0 -0.3922191 -1.230589 1.235451 1
v 0.5771452 -0.2591242 0.7744405 0 0 0.9483237 0.3173046 0 -0.8166415 -0.1831309 0.5473204 0 -0.3935599 -1.229502 1.232199 1
v 0.5699968 -0.2607124 0.7791872 0 0 0.9483237 0.3173046 0 -0.8216469 -0.1808626 0.5405414 0 -0.3948707 -1.22841 1.228937 1
v 0.5628049 -0.2622808 0.7838746 0 0 0.9483237 0.3173046 0 -0.8265897 -0.1785806 0.5337212 0 -0.3961514 -1.227315 1.225664 1
v 0.5555702 -0.2638292 0.7885023 0 0 0.9483237 0.3173046 0 -0.8314696 -0.176285 0.5268604 0 -0.3974019 -1.226216 1.22238 1
v 0.5482932 -0.2653575 0.7930699 0 0 0.9483237 0.3173046 0 -0.8362861 -0.173976 0.5199595 0 -0.3986222 -1.225114 1.219086 1
v 0.5409745 -0.2668656 0.7975772 0 0 0.9483237 0.3173046 0 -0.841039 -0.1716537 0.5130189 0 -0.3998121 -1.224009 1.215783 1
v 0.5336145 -0.2683534 0.8020237 0 0 0.9483237 0.3173046 0 -0.8457278 -0.1693184 0.5060393 0 -0.4009716 -1.2229 1.212469 1
v 0.5262139 -0.2698207 0.8064091 0 0 0.9483237 0.3173046 0 -0.8503522 -0.1669701 0.4990211 0 -0.4021005 -1.221788 1.209146 1
v 0.5187733 -0.2712675 0.8107331 0 0 0.9483237 0.3173046 0 -0.8549119 -0.1646092 0.491965 0 -0.4031988 -1.220673 1.205814 1
v 0.5112931 -0.2726936 0.8149954 0 0 0.9483237 0.3173046 0 -0.8594064 -0.1622357 0.4848713 0 -0.4042664 -1.219555 1.202473 1
v 0.503774 -0.274099 0.8191956 0 0 0.9483237 0.3173046 0 -0.8638355 -0.1598498 0.4777408 0 -0.4053033 -1.218434 1.199123 1
v 0.4962165 -0.2754835 0.8233335 0 0 0.9483237 0.3173046 0 -0.8681988 -0.1574518 0.4705739 0 -0.4063092 -1.217311 1.195764 1
v 0.4886213 -0.276847 0.8274086 0 0 0.9483237 0.3173046 0 -0.872496 -0.1550418 0.4633711 0 -0.4072842 -1.216184 1.192398 1
v 0.4809888 -0.2781895 0.8314207 0 0 0.9483237 0.3173046 0 -0.8767267 -0.15262 0.456133 0 -0.4082282 -1.215055 1.189023 1
v 0.4733197 -0.2795107 0.8353695 0 0 0.9483237 0.3173046 0 -0.8808907 -0.1501865 0.4488602 0 -0.4091411 -1.213923 1.185641 1
v 0.4656145 -0.2808107 0.8392547 0 0 0.9483237 0.3173046 0 -0.8849876 -0.1477417 0.4415533 0 -0.4100229 -1.212789 1.182252 1
v 0.4578739 -0.2820893 0.843076 0 0 0.9483237 0.3173046 0 -0.8890171 -0.1452855 0.4342127 0 -0.4108734 -1.211653 1.178855 1
v 0.4500985 -0.2833464 0.8468331 0 0 0.9483237 0.3173046 0 -0.8929789 -0.1428183 0.426839 0 -0.4116926 -1.210514 1.175451 1
v 0.4422887 -0.2845819 0.8505256 0 0 0.9483237 0.3173046 0 -0.8968727 -0.1403403 0.4194328 0 -0.4124805 -1.209373 1.172041 1
v 0.4344453 -0.2857957 0.8541534 0 0 0.9483237 0.3173046 0 -0.9006982 -0.1378515 0.4119947 0 -0.413237 -1.20823 1.168624 1
v 0.4265688 -0.2869878 0.8577162 0 0 0.9483237 0.3173046 0 -0.9044551 -0.1353522 0.4045252 0 -0.413962 -1.207084 1.165201 1
v 0.4186597 -0.288158 0.8612137 0 0 0.9483237 0.3173046 0 -0.9081432 -0.1328427 0.3970249 0 -0.4146555 -1.205937 1.161773 1
v 0.4107189 -0.2893063 0.8646455 0 0 0.9483237 0.3173046 0 -0.911762 -0.130323 0.3894944 0 -0.4153174 -1.204788 1.158338 1
v 0.4027467 -0.2904326 0.8680115 0 0 0.9483237 0.3173046 0 -0.9153115 -0.1277934 0.3819342 0 -0.4159477 -1.203637 1.154899 1
v 0.3947439 -0.2915367 0.8713114 0 0 0.9483237 0.3173046 0 -0.9187912 -0.1252541 0.3743449 0 -0.4165463 -1.202484 1.151454 1
v 0.386711 -0.2926186 0.874545 0 0 0.9483237 0.3173046 0 -0.922201 -0.1227052 0.3667272 0 -0.4171131 -1.20133 1.148004 1
v 0.3786486 -0.2936783 0.877712 0 0 0.9483237 0.3173046 0 -0.9255405 -0.120147 0.3590815 0 -0.4176482 -1.200174 1.14455 1
v 0.3705574 -0.2947156 0.8808121 0 0 0.9483237 0.3173046 0 -0.9288095 -0.1175796 0.3514084 0 -0.4181515 -1.199017 1.141092 1
v 0.362438 -0.2957304 0.8838451 0 0 0.9483237 0.3173046 0 -0.9320079 -0.1150033 0.3437086 0 -0.418623 -1.197859 1.137629 1
v 0.354291 -0.2967227 0.8868108 0 0 0.9483237 0.3173046 0 -0.9351352 -0.1124182 0.3359826 0 -0.4190626 -1.196699 1.134163 1
v 0.3461171 -0.2976925 0.889709 0 0 0.9483237 0.3173046 0 -0.9381913 -0.1098246 0.328231 0 -0.4194703 -1.195538 1.130693 1
v 0.3379167 -0.2986395 0.8925395 0 0 0.9483237 0.3173046 0 -0.941176 -0.1072225 0.3204544 0 -0.419846 -1.194376 1.12722 1
v 0.3296907 -0.2995638 0.895302 0 0 0.9483237 0.3173046 0 -0.944089 -0.1046124 0.3126534 0 -0.4201897 -1.193213 1.123744 1
v 0.3214395 -0.3004653 0.8979962 0 0 0.9483237 0.3173046 0 -0.9469301 -0.1019942 0.3048287 0 -0.4205015 -1.192049 1.120266 1
v 0.3131638 -0.3013439 0.9006221 0 0 0.9483237 0.3173046 0 -0.9496991 -0.09936833 0.2969807 0 -0.4207812 -1.190884 1.116785 1
v 0.3048643 -0.3021996 0.9031795 0 0 0.9483237 0.3173046 0 -0.9523958 -0.09673486 0.28911 0 -0.4210289 -1.189719 1.113301 1
v 0.2965416 -0.3030323 0.905668 0 0 0.9483237 0.3173046 0 -0.9550199 -0.09409402 0.2812174 0 -0.4212445 -1.188553 1.109816 1
v 0.2881963 -0.3038418 0.9080876 0 0 0.9483237 0.3173046 0 -0.9575714 -0.09144602 0.2733034 0 -0.4214281 -1.187386 1.106329 1
v 0.279829 -0.3046283 0.910438 0 0 0.9483237 0.3173046 0 -0.9600499 -0.08879105 0.2653685 0 -0.4215795 -1.186219 1.102841 1
v 0.2714405 -0.3053915 0.9127191 0 0 0.9483237 0.3173046 0 -0.9624552 -0.08612932 0.2574134 0 -0.4216989 -1.185051 1.099352 1
v 0.2630312 -0.3061315 0.9149306 0 0 0.9483237 0.3173046 0 -0.9647873 -0.08346103 0.2494387 0 -0.4217861 -1.183883 1.095861 1
v 0.254602 -0.3068482 0.9170725 0 0 0.9483237 0.3173046 0 -0.9670459 -0.08078638 0.2414451 0 -0.4218412 -1.182715 1.09237 1
v 0.2461533 -0.3075415 0.9191446 0 0 0.9483237 0.3173046 0 -0.9692309 -0.07810559 0.233433 0 -0.4218642 -1.181547 1.088879 1
v 0.2376859 -0.3082113 0.9211467 0 0 0.9483237 0.3173046 0 -0.9713421 -0.07541884 0.2254032 0 -0.421855 -1.180379 1.085388 1
v 0.2292004 -0.3088578 0.9230786 0 0 0.9483237 0.3173046 0 -0.9733793 -0.07272635 0.2173562 0 -0.4218138 -1.179211 1.081897 1
v 0.2206974 -0.3094806 0.9249402 0 0 0.9483237 0.3173046 0 -0.9753423 -0.07002832 0.2092926 0 -0.4217404 -1.178043 1.078407 1
v 0.2121777 -0.31008 0.9267314 0 0 0.9483237 0.3173046 0 -0.9772311 -0.06732496 0.2012131 0 -0.4216349 -1.176876 1.074917 1
v 0.2036418 -0.3106557 0.928452 0 0 0.9483237 0.3173046 0 -0.9790455 -0.06461648 0.1931183 0 -0.4214973 -1.175708 1.071428 1
v 0.1950903 -0.3112077 0.9301019 0 0 0.9483237 0.3173046 0 -0.9807853 -0.06190307 0.1850088 0 -0.4213275 -1.174541 1.067941 1
v 0.186524 -0.3117361 0.931681 0 0 0.9483237 0.3173046 0 -0.9824504 -0.05918495 0.1768852 0 -0.4211257 -1.173375 1.064455 1
v 0.1779436 -0.3122407 0.9331891 0 0 0.9483237 0.3173046 0 -0.9840407 -0.05646232 0.1687481 0 -0.4208919 -1.172209 1.06097 1
v 0.1693495 -0.3127215 0.9346261 0 0 0.9483237 0.3173046 0 -0.9855561 -0.05373539 0.1605982 0 -0.4206259 -1.171044 1.057488 1
v 0.1607426 -0.3131785 0.935992 0 0 0.9483237 0.3173046 0 -0.9869964 -0.05100437 0.152436 0 -0.420328 -1.16988 1.054009 1
v 0.1521234 -0.3136117 0.9372866 0 0 0.9483237 0.3173046 0 -0.9883615 -0.04826946 0.1442622 0 -0.419998 -1.168716 1.050531 1
v 0.1434926 -0.314021 0.9385098 0 0 0.9483237 0.3173046 0 -0.9896514 -0.04553088 0.1360775 0 -0.4196361 -1.167554 1.047057 1
v 0.1348509 -0.3144064 0.9396616 0 0 0.9483237 0.3173046 0 -0.9908659 -0.04278883 0.1278823 0 -0.4192422 -1.166392 1.043586 1
v 0.126199 -0.3147678 0.9407418 0 0 0.9483237 0.3173046 0 -0.9920049 -0.04004352 0.1196775 0 -0.4188163 -1.165232 1.040118 1
v 0.1175374 -0.3151052 0.9417503 0 0 0.9483237 0.3173046 0 -0.9930685 -0.03729517 0.1114635 0 -0.4183586 -1.164073 1.036654 1
v 0.1088669 -0.3154187 0.9426871 0 0 0.9483237 0.3173046 0 -0.9940563 -0.03454397 0.103241 0 -0.417869 -1.162915 1.033194 1
v 0.1001881 -0.3157081 0.9435522 0 0 0.9483237 0.3173046 0 -0.9949685 -0.03179014 0.09501072 0 -0.4173476 -1.161759 1.029738 1
v 0.09150163 -0.3159735 0.9443454 0 0 0.9483237 0.3173046 0 -0.9958049 -0.02903389 0.08677316 0 -0.4167944 -1.160604 1.026286 1
v 0.08280822 -0.3162149 0.9450666 0 0 0.9483237 0.3173046 0 -0.9965655 -0.02627543 0.07852899 0 -0.4162095 -1.159451 1.022839 1
v 0.0741085 -0.3164321 0.9457159 0 0 0.9483237 0.3173046 0 -0.9972502 -0.02351497 0.07027885 0 -0.4155928 -1.158299 1.019398 1
v 0.06540314 -0.3166253 0.9462932 0 0 0.9483237 0.3173046 0 -0.9978589 -0.02075272 0.06202335 0 -0.4149446 -1.157149 1.015961 1
v 0.0566928 -0.3167943 0.9467984 0 0 0.9483237 0.3173046 0 -0.9983917 -0.01798889 0.05376312 0 -0.4142647 -1.156001 1.01253 1
v 0.04797814 -0.3169392 0.9472316 0 0 0.9483237 0.3173046 0 -0.9988484 -0.01522369 0.04549881 0 -0.4135533 -1.154855 1.009104 1
v 0.03925983 -0.31706 0.9475925 0 0 0.9483237 0.3173046 0 -0.999229 -0.01245733 0.03723102 0 -0.4128103 -1.153711 1.005685 1
v 0.03053853 -0.3171567 0.9478814 0 0 0.9483237 0.3173046 0 -0.9995336 -0.009690016 0.02896041 0 -0.412036 -1.152569 1.002272 1
v 0.0218149 -0.3172291 0.948098 0 0 0.9483237 0.3173046 0 -0.999762 -0.006921968 0.02068758 0 -0.4112303 -1.151429 0.9988653 1
v 0.01308961 -0.3172775 0.9482424 0 0 0.9483237 0.3173046 0 -0.9999143 -0.004153393 0.01241318 0 -0.4103932 -1.150291 0.9954655 1
v 0.004363321 -0.3173016 0.9483146 0 0 0.9483237 0.3173046 0 -0.9999905 -0.001384502 0.004137841 0 -0.4095249 -1.149156 0.9920728 1
v -0.004363297 -0.3173016 0.9483146 0 -0 0.9483237 0.3173046 0 -0.9999905 0.001384495 -0.004137818 0 -0.4086254 -1.148024 0.9886874 1
v -0.01308958 -0.3172775 0.9482424 0 -0 0.9483237 0.3173046 0 -0.9999143 0.004153386 -0.01241316 0 -0.4076948 -1.146893 0.9853096 1
v -0.02181487 -0.3172291 0.948098 0 -0 0.9483237 0.3173046 0 -0.999762 0.006921961 -0.02068756 0 -0.4067331 -1.145766 0.9819396 1
v -0.0305385 -0.3171567 0.9478814 0 -0 0.9483237 0.3173046 0 -0.9995336 0.009690008 -0.02896038 0 -0.4057405 -1.144641 0.9785777 1
v -0.0392598 -0.31706 0.9475925 0 -0 0.9483237 0.3173046 0 -0.999229 0.01245732 -0.037231 0 -0.404717 -1.143519 0.9752241 1
v -0.04797812 -0.3169392 0.9472316 0 -0 0.9483237 0.3173046 0 -0.9988484 0.01522368 -0.04549878 0 -0.4036626 -1.1424 0.9718791 1
v -0.05669278 -0.3167943 0.9467984 0 -0 0.9483237 0.3173046 0 -0.9983917 0.01798888 -0.0537631 0 -0.4025775 -1.141283 0.968543 1
v -0.06540312 -0.3166253 0.9462932 0 -0 0.9483237 0.3173046 0 -0.9978589 0.02075271 -0.06202332 0 -0.4014618 -1.14017 0.965216 1
v -0.07410848 -0.3164321 0.9457159 0 -0 0.9483237 0.3173046 0 -0.9972502 0.02351496 -0.07027882 0 -0.4003155 -1.13906 0.9618984 1
v -0.0828082 -0.3162149 0.9450666 0 -0 0.9483237 0.3173046 0 -0.9965655 0.02627543 -0.07852897 0 -0.3991386 -1.137953 0.9585903 1
v -0.09150161 -0.3159735 0.9443454 0 -0 0.9483237 0.3173046 0 -0.9958049 0.02903388 -0.08677314 0 -0.3979314 -1.13685 0.9552922 1
v -0.100188 -0.3157081 0.9435522 0 -0 0.9483237 0.3173046 0 -0.9949685 0.03179013 -0.0950107 0 -0.3966939 -1.135749 0.9520041 1
v -0.1088669 -0.3154187 0.9426871 0 -0 0.9483237 0.3173046 0 -0.9940563 0.03454396 -0.103241 0 -0.3954262 -1.134653 0.9487264 1
v -0.1175374 -0.3151052 0.9417503 0 -0 0.9483237 0.3173046 0 -0.9930685 0.03729516 -0.1114635 0 -0.3941284 -1.13356 0.9454593 1
v -0.126199 -0.3147678 0.9407418 0 -0 0.9483237 0.3173046 0 -0.992005 0.04004352 -0.1196775 0 -0.3928005 -1.13247 0.9422031 1
v -0.1348509 -0.3144064 0.9396616 0 -0 0.9483237 0.3173046 0 -0.9908659 0.04278882 -0.1278823 0 -0.3914428 -1.131384 0.938958 1
v -0.1434926 -0.314021 0.9385098 0 -0 0.9483237 0.3173046 0 -0.9896514 0.04553087 -0.1360774 0 -0.3900552 -1.130302 0.9357243 1
v -0.1521234 -0.3136117 0.9372866 0 -0 0.9483237 0.3173046 0 -0.9883615 0.04826945 -0.1442622 0 -0.3886379 -1.129224 0.9325022 1
v -0.1607426 -0.3131785 0.935992 0 -0 0.9483237 0.3173046 0 -0.9869964 0.05100436 -0.152436 0 -0.3871911 -1.12815 0.9292919 1
v -0.1693495 -0.3127215 0.9346261 0 -0 0.9483237 0.3173046 0 -0.9855561 0.05373538 -0.1605981 0 -0.3857147 -1.12708 0.9260937 1
v -0.1779435 -0.3122407 0.9331891 0 -0 0.9483237 0.3173046 0 -0.9840407 0.05646231 -0.1687481 0 -0.384209 -1.126014 0.9229079 1
v -0.186524 -0.3117361 0.931681 0 -0 0.9483237 0.3173046 0 -0.9824504 0.05918494 -0.1768851 0 -0.382674 -1.124952 0.9197346 1
v -0.1950903 -0.3112077 0.9301019 0 -0 0.9483237 0.3173046 0 -0.9807853 0.06190306 -0.1850088 0 -0.3811099 -1.123895 0.9165742 1
v -0.2036417 -0.3106557 0.928452 0 -0 0.9483237 0.3173046 0 -0.9790455 0.06461647 -0.1931183 0 -0.3795167 -1.122842 0.9134268 1
v -0.2121777 -0.31008 0.9267314 0 -0 0.9483237 0.3173046 0 -0.9772311 0.06732496 -0.2012131 0 -0.3778947 -1.121793 0.9102927 1
v -0.2206974 -0.3094806 0.9249402 0 -0 0.9483237 0.3173046 0 -0.9753423 0.07002832 -0.2092926 0 -0.3762438 -1.120749 0.9071722 1
v -0.2292004 -0.3088578 0.9230786 0 -0 0.9483237 0.3173046 0 -0.9733793 0.07272634 -0.2173561 0 -0.3745643 -1.119709 0.9040655 1
v -0.2376859 -0.3082114 0.9211467 0 -0 0.9483237 0.3173046 0 -0.9713421 0.07541883 -0.2254031 0 -0.3728563 -1.118675 0.9009727 1
v -0.2461533 -0.3075415 0.9191446 0 -0 0.9483237 0.3173046 0 -0.9692309 0.07810558 -0.233433 0 -0.3711199 -1.117645 0.8978943 1
v -0.2546019 -0.3068482 0.9170725 0 -0 0.9483237 0.3173046 0 -0.9670459 0.08078638 -0.241445 0 -0.3693553 -1.116619 0.8948303 1
v -0.2630312 -0.3061315 0.9149306 0 -0 0.9483237 0.3173046 0 -0.9647873 0.08346102 -0.2494387 0 -0.3675625 -1.115599 0.891781 1
v -0.2714404 -0.3053915 0.9127191 0 -0 0.9483237 0.3173046 0 -0.9624552 0.08612931 -0.2574134 0 -0.3657417 -1.114584 0.8887467 1
v -0.279829 -0.3046283 0.910438 0 -0 0.9483237 0.3173046 0 -0.9600499 0.08879104 -0.2653685 0 -0.363893 -1.113574 0.8857275 1
v -0.2881963 -0.3038418 0.9080876 0 -0 0.9483237 0.3173046 0 -0.9575714 0.09144601 -0.2733033 0 -0.3620167 -1.112569 0.8827238 1
v -0.2965416 -0.3030323 0.905668 0 -0 0.9483237 0.3173046 0 -0.9550199 0.09409402 -0.2812174 0 -0.3601128 -1.111569 0.8797358 1
v -0.3048643 -0.3021996 0.9031795 0 -0 0.9483237 0.3173046 0 -0.9523958 0.09673485 -0.28911 0 -0.3581814 -1.110574 0.8767635 1
v -0.3131638 -0.3013439 0.9006222 0 -0 0.9483237 0.3173046 0 -0.9496991 0.09936833 -0.2969806 0 -0.3562228 -1.109585 0.8738074 1
v -0.3214395 -0.3004653 0.8979962 0 -0 0.9483237 0.3173046 0 -0.9469301 0.1019942 -0.3048286 0 -0.3542371 -1.108602 0.8708676 1
v -0.3296906 -0.2995638 0.895302 0 -0 0.9483237 0.3173046 0 -0.944089 0.1046124 -0.3126534 0 -0.3522243 -1.107623 0.8679444 1
v -0.3379167 -0.2986395 0.8925395 0 -0 0.9483237 0.3173046 0 -0.941176 0.1072225 -0.3204544 0 -0.3501848 -1.106651 0.8650379 1
v -0.346117 -0.2976925 0.889709 0 -0 0.9483237 0.3173046 0 -0.9381913 0.1098245 -0.328231 0 -0.3481186 -1.105684 0.8621484 1
v -0.354291 -0.2967227 0.8868108 0 -0 0.9483237 0.3173046 0 -0.9351352 0.1124182 -0.3359826 0 -0.3460258 -1.104723 0.8592762 1
v -0.362438 -0.2957304 0.8838451 0 -0 0.9483237 0.3173046 0 -0.9320079 0.1150033 -0.3437086 0 -0.3439068 -1.103768 0.8564213 1
v -0.3705574 -0.2947156 0.8808121 0 -0 0.9483237 0.3173046 0 -0.9288096 0.1175796 -0.3514084 0 -0.3417615 -1.102819 0.8535841 1
v -0.3786486 -0.2936783 0.877712 0 -0 0.9483237 0.3173046 0 -0.9255405 0.120147 -0.3590814 0 -0.3395902 -1.101875 0.8507648 1
v -0.386711 -0.2926187 0.874545 0 -0 0.9483237 0.3173046 0 -0.922201 0.1227052 -0.3667271 0 -0.3373931 -1.100938 0.8479635 1
v -0.3947438 -0.2915367 0.8713114 0 -0 0.9483237 0.3173046 0 -0.9187912 0.1252541 -0.3743449 0 -0.3351702 -1.100007 0.8451805 1
v -0.4027467 -0.2904326 0.8680115 0 -0 0.9483237 0.3173046 0 -0.9153115 0.1277934 -0.3819342 0 -0.3329218 -1.099082 0.842416 1
v -0.4107188 -0.2893063 0.8646455 0 -0 0.9483237 0.3173046 0 -0.911762 0.130323 -0.3894944 0 -0.3306481 -1.098163 0.8396703 1
v -0.4186597 -0.288158 0.8612137 0 -0 0.9483237 0.3173046 0 -0.9081432 0.1328427 -0.3970249 0 -0.3283492 -1.097251 0.8369434 1
v -0.4265687 -0.2869878 0.8577162 0 -0 0.9483237 0.3173046 0 -0.9044552 0.1353522 -0.4045252 0 -0.3260253 -1.096345 0.8342357 1
v -0.4344452 -0.2857957 0.8541535 0 -0 0.9483237 0.3173046 0 -0.9006982 0.1378515 -0.4119947 0 -0.3236765 -1.095445 0.8315473 1
v -0.4422887 -0.2845819 0.8505256 0 -0 0.9483237 0.3173046 0 -0.8968727 0.1403403 -0.4194328 0 -0.3213032 -1.094552 0.8288785 1
v -0.4500984 -0.2833464 0.8468331 0 -0 0.9483237 0.3173046 0 -0.8929789 0.1428183 -0.426839 0 -0.3189053 -1.093666 0.8262294 1
v -0.4578739 -0.2820893 0.843076 0 -0 0.9483237 0.3173046 0 -0.8890171 0.1452855 -0.4342127 0 -0.3164832 -1.092786 0.8236002 1
v -0.4656145 -0.2808107 0.8392547 0 -0 0.9483237 0.3173046 0 -0.8849876 0.1477416 -0.4415533 0 -0.3140369 -1.091913 0.8209912 1
v -0.4733197 -0.2795107 0.8353695 0 -0 0.9483237 0.3173046 0 -0.8808907 0.1501865 -0.4488602 0 -0.3115668 -1.091047 0.8184026 1
v -0.4809888 -0.2781895 0.8314207 0 -0 0.9483237 0.3173046 0 -0.8767268 0.15262 -0.456133 0 -0.3090729 -1.090188 0.8158344 1
v -0.4886212 -0.276847 0.8274086 0 -0 0.9483237 0.3173046 0 -0.872496 0.1550418 -0.4633711 0 -0.3065554 -1.089335 0.813287 1
v -0.4962165 -0.2754835 0.8233335 0 -0 0.9483237 0.3173046 0 -0.8681988 0.1574518 -0.4705738 0 -0.3040147 -1.08849 0.8107606 1
v -0.503774 -0.274099 0.8191957 0 -0 0.9483237 0.3173046 0 -0.8638355 0.1598498 -0.4777408 0 -0.3014508 -1.087652 0.8082552 1
v -0.5112931 -0.2726936 0.8149954 0 -0 0.9483237 0.3173046 0 -0.8594064 0.1622357 -0.4848713 0 -0.2988639 -1.086821 0.8057712 1
v -0.5187732 -0.2712675 0.8107332 0 -0 0.9483237 0.3173046 0 -0.8549119 0.1646092 -0.4919649 0 -0.2962542 -1.085997 0.8033087 1
v -0.5262139 -0.2698207 0.8064091 0 -0 0.9483237 0.3173046 0 -0.8503522 0.1669701 -0.4990211 0 -0.293622 -1.08518 0.8008679 1
v -0.5336145 -0.2683534 0.8020237 0 -0 0.9483237 0.3173046 0 -0.8457278 0.1693184 -0.5060393 0 -0.2909675 -1.084371 0.7984489 1
v -0.5409745 -0.2668656 0.7975772 0 -0 0.9483237 0.3173046 0 -0.841039 0.1716537 -0.5130189 0 -0.2882908 -1.083569 0.796052 1
v -0.5482932 -0.2653575 0.79307 0 -0 0.9483237 0.3173046 0 -0.8362862 0.173976 -0.5199594 0 -0.2855921 -1.082774 0.7936774 1
v -0.5555702 -0.2638292 0.7885023 0 -0 0.9483237 0.3173046 0 -0.8314696 0.176285 -0.5268604 0 -0.2828717 -1.081987 0.7913251 1
v -0.5628049 -0.2622808 0.7838746 0 -0 0.9483237 0.3173046 0 -0.8265898 0.1785806 -0.5337212 0 -0.2801297 -1.081208 0.7889955 1
v -0.5699968 -0.2607124 0.7791872 0 -0 0.9483237 0.3173046 0 -0.8216469 0.1808626 -0.5405414 0 -0.2773664 -1.080436 0.7866887 1
v -0.5771452 -0.2591242 0.7744405 0 -0 0.9483237 0.3173046 0 -0.8166416 0.1831308 -0.5473204 0 -0.274582 -1.079672 0.7844048 1
v -0.5842497 -0.2575162 0.7696348 0 -0 0.9483237 0.3173046 0 -0.811574 0.1853851 -0.5540578 0 -0.2717767 -1.078915 0.782144 1
v -0.5913096 -0.2558886 0.7647705 0 -0 0.9483237 0.3173046 0 -0.8064446 0.1876253 -0.5607529 0 -0.2689506 -1.078166 0.7799066 1
v -0.5983246 -0.2542416 0.759848 0 -0 0.9483237 0.3173046 0 -0.8012538 0.1898512 -0.5674054 0 -0.2661041 -1.077426 0.7776926 1
v -0.605294 -0.2525751 0.7548675 0 -0 0.9483237 0.3173046 0 -0.796002 0.1920626 -0.5740146 0 -0.2632374 -1.076693 0.7755022 1
v -0.6122173 -0.2508895 0.7498296 0 -0 0.9483237 0.3173046 0 -0.7906896 0.1942594 -0.5805801 0 -0.2603505 -1.075968 0.7733357 1
v -0.6190939 -0.2491847 0.7447346 0 -0 0.9483237 0.3173046 0 -0.7853169 0.1964414 -0.5871014 0 -0.2574439 -1.075251 0.7711931 1
v -0.6259235 -0.247461 0.7395829 0 -0 0.9483237 0.3173046 0 -0.7798845 0.1986084 -0.593578 0 -0.2545177 -1.074542 0.7690747 1
v -0.6327053 -0.2457184 0.7343749 0 -0 0.9483237 0.3173046 0 -0.7743927 0.2007603 -0.6000094 0 -0.251572 -1.073841 0.7669806 1
v -0.639439 -0.2439571 0.7291109 0 -0 0.9483237 0.3173046 0 -0.7688418 0.202897 -0.6063951 0 -0.2486072 -1.073149 0.7649109 1
v -0.646124 -0.2421772 0.7237914 0 -0 0.9483237 0.3173046 0 -0.7632325 0.2050181 -0.6127346 0 -0.2456235 -1.072465 0.7628658 1
v -0.6527597 -0.2403789 0.7184168 0 -0 0.9483237 0.3173046 0 -0.757565 0.2071237 -0.6190275 0 -0.2426211 -1.071789 0.7608455 1
v -0.6593458 -0.2385623 0.7129875 0 -0 0.9483237 0.3173046 0 -0.7518398 0.2092135 -0.6252732 0 -0.2396002 -1.071121 0.7588502 1
v -0.6658817 -0.2367275 0.7075039 0 -0 0.9483237 0.3173046 0 -0.7460574 0.2112873 -0.6314713 0 -0.236561 -1.070462 0.7568799 1
v -0.6723668 -0.2348747 0.7019664 0 -0 0.9483237 0.3173046 0 -0.7402181 0.2133451 -0.6376213 0 -0.2335039 -1.069811 0.7549348 1
v -0.6788007 -0.2330039 0.6963754 0 -0 0.9483237 0.3173046 0 -0.7343225 0.2153866 -0.6437228 0 -0.2304289 -1.069169 0.7530151 1
v -0.685183 -0.2311155 0.6907314 0 -0 0.9483237 0.3173046 0 -0.728371 0.2174117 -0.6497752 0 -0.2273364 -1.068535 0.7511209 1
v -0.691513 -0.2292094 0.6850348 0 -0 0.9483237 0.3173046 0 -0.722364 0.2194203 -0.6557782 0 -0.2242266 -1.06791 0.7492524 1
v -0.6977905 -0.2272859 0.6792861 0 -0 0.9483237 0.3173046 0 -0.716302 0.2214122 -0.6617312 0 -0.2210997 -1.067293 0.7474097 1
v -0.7040147 -0.2253451 0.6734856 0 -0 0.9483237 0.3173046 0 -0.7101854 0.2233871 -0.6676338 0 -0.217956 -1.066685 0.745593 1
v -0.7101854 -0.2233871 0.6676338 0 -0 0.9483237 0.3173046 0 -0.7040147 0.2253451 -0.6734856 0 -0.2147957 -1.066086 0.7438023 1
v -0.7163019 -0.2214122 0.6617312 0 -0 0.9483237 0.3173046 0 -0.6977905 0.2272859 -0.6792861 0 -0.211619 -1.065496 0.7420379 1
v -0.722364 -0.2194203 0.6557782 0 -0 0.9483237 0.3173046 0 -0.6915131 0.2292094 -0.6850348 0 -0.2084262 -1.064914 0.7402998 1
v -0.728371 -0.2174117 0.6497752 0 -0 0.9483237 0.3173046 0 -0.685183 0.2311155 -0.6907314 0 -0.2052175 -1.064341 0.7385882 1
v -0.7343225 -0.2153866 0.6437228 0 -0 0.9483237 0.3173046 0 -0.6788008 0.2330039 -0.6963754 0 -0.2019932 -1.063778 0.7369032 1
v -0.7402181 -0.2133451 0.6376214 0 -0 0.9483237 0.3173046 0 -0.6723668 0.2348746 -0.7019664 0 -0.1987536 -1.063223 0.7352449 1
v -0.7460574 -0.2112873 0.6314713 0 -0 0.9483237 0.3173046 0 -0.6658817 0.2367275 -0.7075039 0 -0.1954987 -1.062677 0.7336136 1
v -0.7518398 -0.2092135 0.6252732 0 -0 0.9483237 0.3173046 0 -0.6593458 0.2385623 -0.7129875 0 -0.192229 -1.06214 0.7320092 1
v -0.757565 -0.2071237 0.6190275 0 -0 0.9483237 0.3173046 0 -0.6527598 0.2403789 -0.7184168 0 -0.1889447 -1.061612 0.730432 1
v -0.7632325 -0.2050181 0.6127347 0 -0 0.9483237 0.3173046 0 -0.646124 0.2421772 -0.7237914 0 -0.185646 -1.061094 0.728882 1
v -0.7688418 -0.202897 0.6063951 0 -0 0.9483237 0.3173046 0 -0.639439 0.2439571 -0.7291109 0 -0.1823331 -1.060584 0.7273593 1
v -0.7743926 -0.2007603 0.6000094 0 -0 0.9483237 0.3173046 0 -0.6327053 0.2457184 -0.7343749 0 -0.1790064 -1.060084 0.7258641 1
v -0.7798845 -0.1986084 0.593578 0 -0 0.9483237 0.3173046 0 -0.6259235 0.247461 -0.7395829 0 -0.175666 -1.059593 0.7243965 1
v -0.7853169 -0.1964414 0.5871014 0 -0 0.9483237 0.3173046 0 -0.619094 0.2491847 -0.7447346 0 -0.1723122 -1.059111 0.7229567 1
v -0.7906896 -0.1942594 0.5805801 0 -0 0.9483237 0.3173046 0 -0.6122173 0.2508895 -0.7498296 0 -0.1689453 -1.058639 0.7215446 1
v -0.796002 -0.1920626 0.5740146 0 -0 0.9483237 0.3173046 0 -0.605294 0.2525751 -0.7548675 0 -0.1655656 -1.058176 0.7201604 1
v -0.8012538 -0.1898512 0.5674054 0 -0 0.9483237 0.3173046 0 -0.5983246 0.2542416 -0.7598479 0 -0.1621732 -1.057722 0.7188043 1
v -0.8064446 -0.1876253 0.5607529 0 -0 0.9483237 0.3173046 0 -0.5913097 0.2558886 -0.7647705 0 -0.1587685 -1.057278 0.7174763 1
v -0.811574 -0.1853851 0.5540578 0 -0 0.9483237 0.3173046 0 -0.5842497 0.2575162 -0.7696348 0 -0.1553517 -1.056843 0.7161765 1
v -0.8166415 -0.1831309 0.5473204 0 -0 0.9483237 0.3173046 0 -0.5771452 0.2591242 -0.7744405 0 -0.1519231 -1.056417 0.714905 1
v -0.8216469 -0.1808626 0.5405414 0 -0 0.9483237 0.3173046 0 -0.5699968 0.2607124 -0.7791872 0 -0.1484829 -1.056001 0.713662 1
v -0.8265897 -0.1785806 0.5337212 0 -0 0.9483237 0.3173046 0 -0.5628049 0.2622808 -0.7838746 0 -0.1450314 -1.055595 0.7124474 1
v -0.8314696 -0.176285 0.5268604 0 -0 0.9483237 0.3173046 0 -0.5555702 0.2638292 -0.7885023 0 -0.1415688 -1.055198 0.7112615 1
v -0.8362861 -0.173976 0.5199595 0 -0 0.9483237 0.3173046 0 -0.5482932 0.2653575 -0.7930699 0 -0.1380955 -1.054811 0.7101043 1
v -0.841039 -0.1716537 0.5130189 0 -0 0.9483237 0.3173046 0 -0.5409745 0.2668656 -0.7975772 0 -0.1346116 -1.054433 0.7089759 1
v -0.8457278 -0.1693184 0.5060393 0 -0 0.9483237 0.3173046 0 -0.5336145 0.2683534 -0.8020237 0 -0.1311175 -1.054065 0.7078763 1
v -0.8503522 -0.1669701 0.4990211 0 -0 0.9483237 0.3173046 0 -0.5262139 0.2698207 -0.8064091 0 -0.1276135 -1.053707 0.7068057 1
v -0.8549119 -0.1646092 0.491965 0 -0 0.9483237 0.3173046 0 -0.5187733 0.2712675 -0.8107331 0 -0.1240997 -1.053359 0.7057642 1
v -0.8594064 -0.1622357 0.4848713 0 -0 0.9483237 0.3173046 0 -0.5112931 0.2726936 -0.8149954 0 -0.1205764 -1.05302 0.7047517 1
v -0.8638355 -0.1598498 0.4777408 0 -0 0.9483237 0.3173046 0 -0.503774 0.274099 -0.8191956 0 -0.117044 -1.052691 0.7037685 1
v -0.8681988 -0.1574518 0.4705739 0 -0 0.9483237 0.3173046 0 -0.4962165 0.2754835 -0.8233335 0 -0.1135026 -1.052372 0.7028145 1
v -0.872496 -0.1550418 0.4633711 0 -0 0.9483237 0.3173046 0 -0.4886213 0.276847 -0.8274086 0 -0.1099526 -1.052062 0.7018899 1
v -0.8767267 -0.15262 0.456133 0 -0 0.9483237 0.3173046 0 -0.4809888 0.2781895 -0.8314207 0 -0.1063943 -1.051763 0.7009947 1
v -0.8808907 -0.1501865 0.4488602 0 -0 0.9483237 0.3173046 0 -0.4733197 0.2795107 -0.8353695 0 -0.1028278 -1.051473 0.700129 1
