# generated by tools/sample_orbit_path.py
# orbit_json: ../tools/benchmark_path_pringles.json
# frames: 2880  span_deg: -360.000  az_start: -75.800
# notes: Clean orbit around world +Y. look_at is the convergence point of anchor A and B's forward rays (~(-1.42, 0.22, -0.28)) -- not scene origin -- which matches where the user was actually pointing the camera. Camera orbits at y=0.012 (mean of anchor camera Y), radius 2.97 in X-Z plane. Axis snapped from noisy measured axis [-0.014, 0.9998, 0.010] to clean +Y. world_up = -Y because scene loaded with --flip-scene.
fov_half_rad: 0.524
ply: data/pringles.ply
v 0.9694453 0.01672777 -0.2447364 0 0 0.9976723 0.06819107 0 0.2453074 -0.06610751 0.9671888 0 1.4419 -0.2091742 2.884355 1
v 0.9699782 0.01658351 -0.2426257 0 0 0.9976723 0.06819107 0 0.2431918 -0.06614385 0.9677204 0 1.442066 -0.2093887 2.887494 1
v 0.9705065 0.01643917 -0.2405139 0 0 0.9976723 0.06819107 0 0.2410751 -0.06617987 0.9682474 0 1.442227 -0.2096032 2.890633 1
v 0.9710301 0.01629474 -0.2384009 0 0 0.9976723 0.06819107 0 0.2389572 -0.06621558 0.9687698 0 1.44238 -0.2098178 2.893772 1
v 0.9715491 0.01615025 -0.2362869 0 0 0.9976723 0.06819107 0 0.2368381 -0.06625097 0.9692876 0 1.442526 -0.2100324 2.896912 1
v 0.9720635 0.01600567 -0.2341716 0 0 0.9976723 0.06819107 0 0.234718 -0.06628605 0.9698008 0 1.442666 -0.210247 2.900052 1
v 0.9725733 0.01586102 -0.2320553 0 0 0.9976723 0.06819107 0 0.2325967 -0.06632081 0.9703094 0 1.442798 -0.2104617 2.903192 1
v 0.9730784 0.01571629 -0.2299379 0 0 0.9976723 0.06819107 0 0.2304743 -0.06635526 0.9708133 0 1.442924 -0.2106763 2.906333 1
v 0.9735789 0.01557149 -0.2278193 0 0 0.9976723 0.06819107 0 0.2283509 -0.06638939 0.9713127 0 1.443043 -0.210891 2.909473 1
v 0.9740748 0.01542661 -0.2256997 0 0 0.9976723 0.06819107 0 0.2262263 -0.0664232 0.9718074 0 1.443155 -0.2111057 2.912614 1
v 0.974566 0.01528166 -0.223579 0 0 0.9976723 0.06819107 0 0.2241007 -0.0664567 0.9722975 0 1.44326 -0.2113204 2.915756 1
v 0.9750526 0.01513664 -0.2214573 0 0 0.9976723 0.06819107 0 0.221974 -0.06648988 0.9727829 0 1.443358 -0.2115351 2.918897 1
v 0.9755345 0.01499155 -0.2193345 0 0 0.9976723 0.06819107 0 0.2198462 -0.06652274 0.9732638 0 1.44345 -0.2117498 2.922039 1
v 0.9760119 0.01484638 -0.2172106 0 0 0.9976723 0.06819107 0 0.2177174 -0.06655529 0.97374 0 1.443534 -0.2119646 2.925181 1
v 0.9764845 0.01470115 -0.2150857 0 0 0.9976723 0.06819107 0 0.2155876 -0.06658752 0.9742115 0 1.443612 -0.2121793 2.928323 1
v 0.9769525 0.01455584 -0.2129598 0 0 0.9976723 0.06819107 0 0.2134567 -0.06661944 0.9746785 0 1.443683 -0.2123941 2.931465 1
v 0.9774159 0.01441046 -0.2108329 0 0 0.9976723 0.06819107 0 0.2113248 -0.06665103 0.9751407 0 1.443747 -0.2126089 2.934607 1
v 0.9778746 0.01426502 -0.208705 0 0 0.9976723 0.06819107 0 0.2091919 -0.06668231 0.9755984 0 1.443804 -0.2128237 2.93775 1
v 0.9783287 0.01411951 -0.206576 0 0 0.9976723 0.06819107 0 0.207058 -0.06671328 0.9760514 0 1.443854 -0.2130385 2.940892 1
v 0.9787781 0.01397393 -0.2044461 0 0 0.9976723 0.06819107 0 0.2049231 -0.06674392 0.9764997 0 1.443897 -0.2132533 2.944035 1
v 0.9792228 0.01382828 -0.2023153 0 0 0.9976723 0.06819107 0 0.2027873 -0.06677425 0.9769435 0 1.443934 -0.2134681 2.947178 1
v 0.9796629 0.01368257 -0.2001834 0 0 0.9976723 0.06819107 0 0.2006505 -0.06680426 0.9773825 0 1.443963 -0.2136829 2.950321 1
v 0.9800983 0.01353679 -0.1980506 0 0 0.9976723 0.06819107 0 0.1985127 -0.06683395 0.9778169 0 1.443986 -0.2138977 2.953464 1
v 0.9805291 0.01339095 -0.1959169 0 0 0.9976723 0.06819107 0 0.196374 -0.06686332 0.9782467 0 1.444002 -0.2141126 2.956607 1
v 0.9809552 0.01324505 -0.1937822 0 0 0.9976723 0.06819107 0 0.1942344 -0.06689238 0.9786718 0 1.444011 -0.2143274 2.95975 1
v 0.9813766 0.01309908 -0.1916466 0 0 0.9976723 0.06819107 0 0.1920938 -0.06692112 0.9790922 0 1.444013 -0.2145422 2.962893 1
v 0.9817933 0.01295305 -0.1895101 0 0 0.9976723 0.06819107 0 0.1899523 -0.06694954 0.979508 0 1.444008 -0.214757 2.966036 1
v 0.9822054 0.01280696 -0.1873727 0 0 0.9976723 0.06819107 0 0.1878099 -0.06697764 0.9799191 0 1.443996 -0.2149719 2.969179 1
v 0.9826128 0.0126608 -0.1852344 0 0 0.9976723 0.06819107 0 0.1856666 -0.06700542 0.9803255 0 1.443978 -0.2151867 2.972322 1
v 0.9830155 0.01251459 -0.1830953 0 0 0.9976723 0.06819107 0 0.1835224 -0.06703288 0.9807273 0 1.443952 -0.2154015 2.975465 1
v 0.9834136 0.01236832 -0.1809552 0 0 0.9976723 0.06819107 0 0.1813774 -0.06706002 0.9811245 0 1.44392 -0.2156163 2.978607 1
v 0.9838069 0.01222199 -0.1788143 0 0 0.9976723 0.06819107 0 0.1792315 -0.06708685 0.9815169 0 1.443881 -0.2158311 2.98175 1
v 0.9841956 0.0120756 -0.1766725 0 0 0.9976723 0.06819107 0 0.1770847 -0.06711335 0.9819047 0 1.443835 -0.2160459 2.984893 1
v 0.9845796 0.01192915 -0.1745299 0 0 0.9976723 0.06819107 0 0.1749371 -0.06713954 0.9822878 0 1.443782 -0.2162607 2.988035 1
v 0.9849589 0.01178265 -0.1723865 0 0 0.9976723 0.06819107 0 0.1727887 -0.0671654 0.9826662 0 1.443722 -0.2164755 2.991178 1
v 0.9853335 0.01163609 -0.1702422 0 0 0.9976723 0.06819107 0 0.1706394 -0.06719095 0.98304 0 1.443655 -0.2166903 2.99432 1
v 0.9857035 0.01148947 -0.1680972 0 0 0.9976723 0.06819107 0 0.1684894 -0.06721617 0.983409 0 1.443582 -0.2169051 2.997462 1
v 0.9860687 0.0113428 -0.1659513 0 0 0.9976723 0.06819107 0 0.1663385 -0.06724108 0.9837734 0 1.443501 -0.2171198 3.000604 1
v 0.9864293 0.01119608 -0.1638047 0 0 0.9976723 0.06819107 0 0.1641868 -0.06726566 0.9841331 0 1.443414 -0.2173346 3.003746 1
v 0.9867851 0.0110493 -0.1616572 0 0 0.9976723 0.06819107 0 0.1620344 -0.06728993 0.9844882 0 1.44332 -0.2175493 3.006888 1
v 0.9871363 0.01090247 -0.159509 0 0 0.9976723 0.06819107 0 0.1598812 -0.06731388 0.9848385 0 1.443219 -0.217764 3.010029 1
v 0.9874827 0.01075559 -0.1573601 0 0 0.9976723 0.06819107 0 0.1577272 -0.0673375 0.9851841 0 1.443111 -0.2179787 3.01317 1
v 0.9878245 0.01060865 -0.1552104 0 0 0.9976723 0.06819107 0 0.1555725 -0.06736081 0.9855251 0 1.442996 -0.2181934 3.016311 1
v 0.9881615 0.01046167 -0.1530599 0 0 0.9976723 0.06819107 0 0.153417 -0.06738379 0.9858614 0 1.442875 -0.218408 3.019452 1
v 0.9884939 0.01031464 -0.1509087 0 0 0.9976723 0.06819107 0 0.1512608 -0.06740645 0.9861929 0 1.442746 -0.2186227 3.022592 1
v 0.9888215 0.01016755 -0.1487568 0 0 0.9976723 0.06819107 0 0.1491039 -0.0674288 0.9865198 0 1.442611 -0.2188373 3.025732 1
v 0.9891445 0.01002042 -0.1466042 0 0 0.9976723 0.06819107 0 0.1469463 -0.06745082 0.986842 0 1.442469 -0.2190519 3.028872 1
v 0.9894627 0.009873245 -0.1444509 0 0 0.9976723 0.06819107 0 0.1447879 -0.06747252 0.9871595 0 1.44232 -0.2192665 3.032012 1
v 0.9897762 0.009726019 -0.1422969 0 0 0.9976723 0.06819107 0 0.1426289 -0.0674939 0.9874723 0 1.442164 -0.2194811 3.035151 1
v 0.990085 0.009578747 -0.1401423 0 0 0.9976723 0.06819107 0 0.1404692 -0.06751496 0.9877804 0 1.442001 -0.2196956 3.03829 1
v 0.9903891 0.00943143 -0.1379869 0 0 0.9976723 0.06819107 0 0.1383089 -0.06753569 0.9880838 0 1.441831 -0.2199101 3.041428 1
v 0.9906885 0.009284068 -0.1358309 0 0 0.9976723 0.06819107 0 0.1361479 -0.06755611 0.9883825 0 1.441655 -0.2201246 3.044566 1
v 0.9909832 0.009136661 -0.1336743 0 0 0.9976723 0.06819107 0 0.1339862 -0.0675762 0.9886765 0 1.441471 -0.2203391 3.047704 1
v 0.9912732 0.008989211 -0.131517 0 0 0.9976723 0.06819107 0 0.1318239 -0.06759598 0.9889657 0 1.441281 -0.2205535 3.050841 1
v 0.9915584 0.008841718 -0.1293591 0 0 0.9976723 0.06819107 0 0.1296609 -0.06761543 0.9892503 0 1.441084 -0.2207679 3.053978 1
v 0.9918389 0.008694183 -0.1272006 0 0 0.9976723 0.06819107 0 0.1274974 -0.06763455 0.9895302 0 1.44088 -0.2209823 3.057114 1
v 0.9921147 0.008546607 -0.1250415 0 0 0.9976723 0.06819107 0 0.1253332 -0.06765336 0.9898053 0 1.440669 -0.2211966 3.06025 1
v 0.9923858 0.00839899 -0.1228818 0 0 0.9976723 0.06819107 0 0.1231685 -0.06767185 0.9900758 0 1.440451 -0.2214109 3.063386 1
v 0.9926521 0.008251333 -0.1207215 0 0 0.9976723 0.06819107 0 0.1210031 -0.06769001 0.9903415 0 1.440227 -0.2216252 3.066521 1
v 0.9929138 0.008103637 -0.1185606 0 0 0.9976723 0.06819107 0 0.1188372 -0.06770785 0.9906025 0 1.439996 -0.2218395 3.069656 1
v 0.9931706 0.007955902 -0.1163992 0 0 0.9976723 0.06819107 0 0.1166707 -0.06772537 0.9908588 0 1.439757 -0.2220537 3.07279 1
v 0.9934228 0.00780813 -0.1142372 0 0 0.9976723 0.06819107 0 0.1145037 -0.06774256 0.9911104 0 1.439512 -0.2222679 3.075923 1
v 0.9936703 0.00766032 -0.1120746 0 0 0.9976723 0.06819107 0 0.1123361 -0.06775944 0.9913573 0 1.43926 -0.222482 3.079056 1
v 0.993913 0.007512473 -0.1099116 0 0 0.9976723 0.06819107 0 0.110168 -0.06777599 0.9915994 0 1.439001 -0.2226961 3.082188 1
v 0.994151 0.007364591 -0.107748 0 0 0.9976723 0.06819107 0 0.1079994 -0.06779222 0.9918369 0 1.438736 -0.2229102 3.08532 1
v 0.9943842 0.007216674 -0.1055839 0 0 0.9976723 0.06819107 0 0.1058302 -0.06780812 0.9920696 0 1.438463 -0.2231242 3.088451 1
v 0.9946127 0.007068723 -0.1034192 0 0 0.9976723 0.06819107 0 0.1036605 -0.0678237 0.9922976 0 1.438184 -0.2233381 3.091582 1
v 0.9948365 0.006920738 -0.1012541 0 0 0.9976723 0.06819107 0 0.1014904 -0.06783897 0.9925208 0 1.437898 -0.2235521 3.094712 1
v 0.9950556 0.00677272 -0.09908856 0 0 0.9976723 0.06819107 0 0.09931975 -0.0678539 0.9927394 0 1.437605 -0.223766 3.097841 1
v 0.9952699 0.00662467 -0.09692251 0 0 0.9976723 0.06819107 0 0.09714864 -0.06786852 0.9929532 0 1.437305 -0.2239798 3.10097 1
v 0.9954795 0.006476588 -0.09475599 0 0 0.9976723 0.06819107 0 0.09497707 -0.06788281 0.9931623 0 1.436998 -0.2241936 3.104098 1
v 0.9956843 0.006328475 -0.09258902 0 0 0.9976723 0.06819107 0 0.09280505 -0.06789678 0.9933666 0 1.436684 -0.2244074 3.107226 1
v 0.9958844 0.006180332 -0.09042161 0 0 0.9976723 0.06819107 0 0.09063258 -0.06791042 0.9935663 0 1.436364 -0.2246211 3.110352 1
v 0.9960798 0.00603216 -0.08825377 0 0 0.9976723 0.06819107 0 0.08845968 -0.06792374 0.9937612 0 1.436037 -0.2248348 3.113478 1
v 0.9962704 0.005883959 -0.08608552 0 0 0.9976723 0.06819107 0 0.08628637 -0.06793674 0.9939513 0 1.435703 -0.2250484 3.116604 1
v 0.9964563 0.005735731 -0.08391685 0 0 0.9976723 0.06819107 0 0.08411264 -0.06794942 0.9941368 0 1.435362 -0.2252619 3.119728 1
v 0.9966374 0.005587474 -0.08174778 0 0 0.9976723 0.06819107 0 0.08193851 -0.06796177 0.9943175 0 1.435014 -0.2254755 3.122852 1
v 0.9968138 0.005439192 -0.07957832 0 0 0.9976723 0.06819107 0 0.07976399 -0.0679738 0.9944935 0 1.43466 -0.2256889 3.125975 1
v 0.9969854 0.005290883 -0.07740849 0 0 0.9976723 0.06819107 0 0.07758909 -0.0679855 0.9946647 0 1.434298 -0.2259023 3.129097 1
v 0.9971523 0.005142549 -0.07523828 0 0 0.9976723 0.06819107 0 0.07541382 -0.06799688 0.9948312 0 1.43393 -0.2261157 3.132219 1
v 0.9973145 0.004994191 -0.07306772 0 0 0.9976723 0.06819107 0 0.0732382 -0.06800794 0.994993 0 1.433555 -0.226329 3.135339 1
v 0.9974719 0.004845809 -0.07089681 0 0 0.9976723 0.06819107 0 0.07106222 -0.06801867 0.99515 0 1.433173 -0.2265422 3.138459 1
v 0.9976245 0.004697404 -0.06872556 0 0 0.9976723 0.06819107 0 0.06888591 -0.06802908 0.9953024 0 1.432784 -0.2267554 3.141578 1
v 0.9977725 0.004548976 -0.06655399 0 0 0.9976723 0.06819107 0 0.06670927 -0.06803917 0.9954499 0 1.432389 -0.2269685 3.144696 1
v 0.9979156 0.004400527 -0.0643821 0 0 0.9976723 0.06819107 0 0.06453231 -0.06804893 0.9955928 0 1.431986 -0.2271816 3.147814 1
v 0.998054 0.004252057 -0.0622099 0 0 0.9976723 0.06819107 0 0.06235504 -0.06805837 0.9957308 0 1.431577 -0.2273946 3.15093 1
v 0.9981877 0.004103567 -0.0600374 0 0 0.9976723 0.06819107 0 0.06017748 -0.06806749 0.9958642 0 1.431161 -0.2276075 3.154046 1
v 0.9983166 0.003955057 -0.05786462 0 0 0.9976723 0.06819107 0 0.05799963 -0.06807628 0.9959928 0 1.430739 -0.2278204 3.15716 1
v 0.9984408 0.003806528 -0.05569157 0 0 0.9976723 0.06819107 0 0.0558215 -0.06808474 0.9961167 0 1.430309 -0.2280332 3.160274 1
v 0.9985602 0.003657981 -0.05351825 0 0 0.9976723 0.06819107 0 0.05364311 -0.06809288 0.9962358 0 1.429873 -0.228246 3.163387 1
v 0.9986748 0.003509417 -0.05134467 0 0 0.9976723 0.06819107 0 0.05146447 -0.0681007 0.9963502 0 1.429429 -0.2284587 3.166498 1
v 0.9987847 0.003360836 -0.04917085 0 0 0.9976723 0.06819107 0 0.04928558 -0.0681082 0.9964598 0 1.428979 -0.2286713 3.169609 1
v 0.9988899 0.003212239 -0.0469968 0 0 0.9976723 0.06819107 0 0.04710645 -0.06811537 0.9965647 0 1.428523 -0.2288839 3.172719 1
v 0.9989903 0.003063627 -0.04482252 0 0 0.9976723 0.06819107 0 0.0449271 -0.06812221 0.9966649 0 1.428059 -0.2290964 3.175828 1
v 0.9990859 0.002915 -0.04264803 0 0 0.9976723 0.06819107 0 0.04274754 -0.06812874 0.9967603 0 1.427589 -0.2293088 3.178935 1
v 0.9991768 0.00276636 -0.04047334 0 0 0.9976723 0.06819107 0 0.04056777 -0.06813493 0.996851 0 1.427111 -0.2295211 3.182042 1
v 0.9992629 0.002617706 -0.03829845 0 0 0.9976723 0.06819107 0 0.03838781 -0.06814081 0.9969369 0 1.426627 -0.2297334 3.185148 1
v 0.9993443 0.002469039 -0.03612338 0 0 0.9976723 0.06819107 0 0.03620767 -0.06814635 0.9970181 0 1.426137 -0.2299456 3.188253 1
v 0.9994209 0.002320361 -0.03394814 0 0 0.9976723 0.06819107 0 0.03402735 -0.06815158 0.9970945 0 1.425639 -0.2301577 3.191356 1
v 0.9994928 0.002171672 -0.03177274 0 0 0.9976723 0.06819107 0 0.03184687 -0.06815648 0.9971662 0 1.425135 -0.2303698 3.194459 1
v 0.9995599 0.002022973 -0.02959719 0 0 0.9976723 0.06819107 0 0.02966624 -0.06816105 0.9972332 0 1.424624 -0.2305818 3.19756 1
v 0.9996222 0.001874264 -0.0274215 0 0 0.9976723 0.06819107 0 0.02748547 -0.06816531 0.9972954 0 1.424106 -0.2307937 3.20066 1
v 0.9996798 0.001725546 -0.02524567 0 0 0.9976723 0.06819107 0 0.02530457 -0.06816923 0.9973528 0 1.423581 -0.2310055 3.203759 1
v 0.9997326 0.00157682 -0.02306973 0 0 0.9976723 0.06819107 0 0.02312355 -0.06817284 0.9974055 0 1.423049 -0.2312172 3.206857 1
v 0.9997807 0.001428086 -0.02089367 0 0 0.9976723 0.06819107 0 0.02094242 -0.06817611 0.9974535 0 1.422511 -0.2314289 3.209954 1
v 0.999824 0.001279345 -0.01871752 0 0 0.9976723 0.06819107 0 0.01876119 -0.06817907 0.9974967 0 1.421966 -0.2316405 3.21305 1
v 0.9998625 0.001130599 -0.01654127 0 0 0.9976723 0.06819107 0 0.01657987 -0.0681817 0.9975351 0 1.421414 -0.231852 3.216144 1
v 0.9998963 0.000981847 -0.01436495 0 0 0.9976723 0.06819107 0 0.01439847 -0.068184 0.9975689 0 1.420856 -0.2320634 3.219237 1
v 0.9999254 0.0008330903 -0.01218856 0 0 0.9976723 0.06819107 0 0.012217 -0.06818598 0.9975978 0 1.420291 -0.2322748 3.222329 1
v 0.9999496 0.0006843297 -0.01001211 0 0 0.9976723 0.06819107 0 0.01003547 -0.06818763 0.997622 0 1.419719 -0.232486 3.22542 1
v 0.9999692 0.0005355659 -0.007835619 0 0 0.9976723 0.06819107 0 0.007853901 -0.06818897 0.9976415 0 1.41914 -0.2326972 3.22851 1
v 0.9999839 0.0003867995 -0.005659086 0 0 0.9976723 0.06819107 0 0.00567229 -0.06818997 0.9976562 0 1.418554 -0.2329083 3.231598 1
v 0.9999939 0.0002380312 -0.003482526 0 0 0.9976723 0.06819107 0 0.003490651 -0.06819065 0.9976662 0 1.417962 -0.2331193 3.234685 1
v 0.9999991 8.926187e-05 -0.00130595 0 0 0.9976723 0.06819107 0 0.001308997 -0.06819101 0.9976714 0 1.417363 -0.2333302 3.237771 1
v 0.9999996 -5.950793e-05 0.0008706332 0 0 0.9976723 0.06819107 0 -0.0008726645 -0.06819104 0.9976719 0 1.416757 -0.233541 3.240855 1
v 0.9999953 -0.0002082774 0.003047212 0 0 0.9976723 0.06819107 0 -0.003054321 -0.06819075 0.9976676 0 1.416144 -0.2337517 3.243938 1
v 0.9999863 -0.000357046 0.005223776 0 0 0.9976723 0.06819107 0 -0.005235964 -0.06819013 0.9976586 0 1.415525 -0.2339623 3.24702 1
v 0.9999725 -0.0005058128 0.007400315 0 0 0.9976723 0.06819107 0 -0.007417581 -0.06818919 0.9976448 0 1.414899 -0.2341729 3.2501 1
v 0.9999539 -0.0006545772 0.009576819 0 0 0.9976723 0.06819107 0 -0.009599163 -0.06818793 0.9976263 0 1.414266 -0.2343833 3.253179 1
v 0.9999306 -0.0008033385 0.01175328 0 0 0.9976723 0.06819107 0 -0.0117807 -0.06818634 0.997603 0 1.413627 -0.2345937 3.256256 1
v 0.9999025 -0.000952096 0.01392968 0 0 0.9976723 0.06819107 0 -0.01396218 -0.06818442 0.997575 0 1.41298 -0.2348039 3.259333 1
v 0.9998697 -0.001100849 0.01610602 0 0 0.9976723 0.06819107 0 -0.01614359 -0.06818218 0.9975423 0 1.412327 -0.2350141 3.262407 1
v 0.9998321 -0.001249597 0.01828228 0 0 0.9976723 0.06819107 0 -0.01832493 -0.06817962 0.9975048 0 1.411668 -0.2352242 3.265481 1
v 0.9997897 -0.001398338 0.02045845 0 0 0.9976723 0.06819107 0 -0.02050618 -0.06817673 0.9974625 0 1.411001 -0.2354341 3.268553 1
v 0.9997426 -0.001547074 0.02263452 0 0 0.9976723 0.06819107 0 -0.02268733 -0.06817352 0.9974155 0 1.410328 -0.235644 3.271623 1
v 0.9996907 -0.001695801 0.02481049 0 0 0.9976723 0.06819107 0 -0.02486838 -0.06816998 0.9973637 0 1.409648 -0.2358537 3.274692 1
v 0.9996341 -0.001844521 0.02698634 0 0 0.9976723 0.06819107 0 -0.0270493 -0.06816612 0.9973072 0 1.408962 -0.2360634 3.277759 1
v 0.9995727 -0.001993232 0.02916206 0 0 0.9976723 0.06819107 0 -0.0292301 -0.06816193 0.997246 0 1.408269 -0.236273 3.280825 1
v 0.9995066 -0.002141933 0.03133764 0 0 0.9976723 0.06819107 0 -0.03141076 -0.06815742 0.99718 0 1.407569 -0.2364824 3.28389 1
v 0.9994357 -0.002290624 0.03351308 0 0 0.9976723 0.06819107 0 -0.03359127 -0.06815258 0.9971092 0 1.406862 -0.2366918 3.286953 1
v 0.99936 -0.002439305 0.03568835 0 0 0.9976723 0.06819107 0 -0.03577162 -0.06814743 0.9970338 0 1.406149 -0.236901 3.290014 1
v 0.9992796 -0.002587973 0.03786345 0 0 0.9976723 0.06819107 0 -0.03795179 -0.06814194 0.9969535 0 1.405429 -0.2371102 3.293074 1
v 0.9991944 -0.00273663 0.04003838 0 0 0.9976723 0.06819107 0 -0.04013179 -0.06813613 0.9968686 0 1.404702 -0.2373192 3.296132 1
v 0.9991045 -0.002885273 0.04221311 0 0 0.9976723 0.06819107 0 -0.0423116 -0.06813 0.9967788 0 1.403968 -0.2375281 3.299189 1
v 0.9990098 -0.003033903 0.04438764 0 0 0.9976723 0.06819107 0 -0.0444912 -0.06812354 0.9966844 0 1.403228 -0.2377369 3.302244 1
v 0.9989103 -0.003182518 0.04656196 0 0 0.9976723 0.06819107 0 -0.0466706 -0.06811676 0.9965852 0 1.402482 -0.2379456 3.305297 1
v 0.9988061 -0.003331118 0.04873606 0 0 0.9976723 0.06819107 0 -0.04884977 -0.06810966 0.9964812 0 1.401728 -0.2381542 3.308349 1
v 0.9986972 -0.003479702 0.05090993 0 0 0.9976723 0.06819107 0 -0.05102871 -0.06810223 0.9963725 0 1.400968 -0.2383627 3.311399 1
v 0.9985835 -0.00362827 0.05308355 0 0 0.9976723 0.06819107 0 -0.0532074 -0.06809447 0.9962591 0 1.400201 -0.2385711 3.314448 1
v 0.998465 -0.00377682 0.05525692 0 0 0.9976723 0.06819107 0 -0.05538585 -0.0680864 0.9961409 0 1.399428 -0.2387793 3.317495 1
v 0.9983418 -0.003925352 0.05743003 0 0 0.9976723 0.06819107 0 -0.05756403 -0.06807799 0.996018 0 1.398648 -0.2389874 3.32054 1
v 0.9982139 -0.004073866 0.05960287 0 0 0.9976723 0.06819107 0 -0.05974193 -0.06806927 0.9958903 0 1.397861 -0.2391955 3.323583 1
v 0.9980811 -0.00422236 0.06177542 0 0 0.9976723 0.06819107 0 -0.06191955 -0.06806022 0.9957579 0 1.397067 -0.2394034 3.326625 1
v 0.9979437 -0.004370835 0.06394768 0 0 0.9976723 0.06819107 0 -0.06409688 -0.06805085 0.9956207 0 1.396267 -0.2396111 3.329665 1
v 0.9978015 -0.004519288 0.06611963 0 0 0.9976723 0.06819107 0 -0.0662739 -0.06804115 0.9954789 0 1.395461 -0.2398188 3.332703 1
v 0.9976545 -0.00466772 0.06829127 0 0 0.9976723 0.06819107 0 -0.06845061 -0.06803113 0.9953322 0 1.394647 -0.2400264 3.335739 1
v 0.9975028 -0.00481613 0.07046259 0 0 0.9976723 0.06819107 0 -0.07062699 -0.06802078 0.9951809 0 1.393827 -0.2402338 3.338774 1
v 0.9973463 -0.004964516 0.07263356 0 0 0.9976723 0.06819107 0 -0.07280303 -0.06801011 0.9950248 0 1.393001 -0.2404411 3.341807 1
v 0.9971851 -0.005112879 0.0748042 0 0 0.9976723 0.06819107 0 -0.07497873 -0.06799912 0.994864 0 1.392167 -0.2406482 3.344838 1
v 0.9970192 -0.005261218 0.07697447 0 0 0.9976723 0.06819107 0 -0.07715407 -0.0679878 0.9946984 0 1.391327 -0.2408553 3.347867 1
v 0.9968485 -0.005409532 0.07914438 0 0 0.9976723 0.06819107 0 -0.07932904 -0.06797616 0.9945281 0 1.390481 -0.2410622 3.350895 1
v 0.996673 -0.00555782 0.08131392 0 0 0.9976723 0.06819107 0 -0.08150364 -0.0679642 0.9943531 0 1.389628 -0.241269 3.35392 1
v 0.9964929 -0.005706082 0.08348306 0 0 0.9976723 0.06819107 0 -0.08367784 -0.06795191 0.9941733 0 1.388768 -0.2414757 3.356944 1
v 0.9963079 -0.005854316 0.08565181 0 0 0.9976723 0.06819107 0 -0.08585165 -0.0679393 0.9939888 0 1.387902 -0.2416822 3.359966 1
v 0.9961183 -0.006002522 0.08782016 0 0 0.9976723 0.06819107 0 -0.08802505 -0.06792637 0.9937996 0 1.387029 -0.2418886 3.362986 1
v 0.9959238 -0.0061507 0.08998808 0 0 0.9976723 0.06819107 0 -0.09019804 -0.06791311 0.9936056 0 1.386149 -0.2420949 3.366004 1
v 0.9957247 -0.006298849 0.09215557 0 0 0.9976723 0.06819107 0 -0.09237059 -0.06789953 0.9934069 0 1.385263 -0.2423011 3.36902 1
v 0.9955208 -0.006446968 0.09432263 0 0 0.9976723 0.06819107 0 -0.0945427 -0.06788563 0.9932035 0 1.38437 -0.2425071 3.372034 1
v 0.9953122 -0.006595056 0.09648924 0 0 0.9976723 0.06819107 0 -0.09671436 -0.0678714 0.9929954 0 1.383471 -0.242713 3.375046 1
v 0.9950988 -0.006743112 0.09865539 0 0 0.9976723 0.06819107 0 -0.09888557 -0.06785685 0.9927825 0 1.382565 -0.2429187 3.378057 1
v 0.9948807 -0.006891137 0.1008211 0 0 0.9976723 0.06819107 0 -0.1010563 -0.06784198 0.9925649 0 1.381652 -0.2431244 3.381065 1
v 0.9946579 -0.007039129 0.1029863 0 0 0.9976723 0.06819107 0 -0.1032265 -0.06782678 0.9923426 0 1.380733 -0.2433298 3.384071 1
v 0.9944303 -0.007187087 0.105151 0 0 0.9976723 0.06819107 0 -0.1053963 -0.06781126 0.9921155 0 1.379808 -0.2435352 3.387075 1
v 0.994198 -0.007335011 0.1073152 0 0 0.9976723 0.06819107 0 -0.1075656 -0.06779542 0.9918838 0 1.378875 -0.2437404 3.390078 1
v 0.993961 -0.0074829 0.1094789 0 0 0.9976723 0.06819107 0 -0.1097343 -0.06777926 0.9916473 0 1.377937 -0.2439454 3.393078 1
v 0.9937192 -0.007630753 0.1116421 0 0 0.9976723 0.06819107 0 -0.1119025 -0.06776277 0.9914061 0 1.376991 -0.2441504 3.396076 1
v 0.9934727 -0.007778571 0.1138047 0 0 0.9976723 0.06819107 0 -0.1140702 -0.06774596 0.9911602 0 1.376039 -0.2443552 3.399072 1
v 0.9932215 -0.007926351 0.1159668 0 0 0.9976723 0.06819107 0 -0.1162374 -0.06772883 0.9909095 0 1.375081 -0.2445598 3.402066 1
v 0.9929655 -0.008074093 0.1181284 0 0 0.9976723 0.06819107 0 -0.118404 -0.06771138 0.9906542 0 1.374116 -0.2447643 3.405058 1
v 0.9927048 -0.008221797 0.1202893 0 0 0.9976723 0.06819107 0 -0.12057 -0.0676936 0.9903941 0 1.373144 -0.2449686 3.408048 1
v 0.9924394 -0.008369462 0.1224498 0 0 0.9976723 0.06819107 0 -0.1227355 -0.0676755 0.9901293 0 1.372166 -0.2451729 3.411036 1
v 0.9921693 -0.008517087 0.1246096 0 0 0.9976723 0.06819107 0 -0.1249003 -0.06765708 0.9898598 0 1.371182 -0.2453769 3.414021 1
v 0.9918944 -0.008664671 0.1267688 0 0 0.9976723 0.06819107 0 -0.1270646 -0.06763834 0.9895856 0 1.37019 -0.2455808 3.417005 1
v 0.9916149 -0.008812215 0.1289275 0 0 0.9976723 0.06819107 0 -0.1292283 -0.06761928 0.9893067 0 1.369193 -0.2457846 3.419986 1
v 0.9913306 -0.008959716 0.1310855 0 0 0.9976723 0.06819107 0 -0.1313913 -0.06759989 0.989023 0 1.368189 -0.2459882 3.422965 1
v 0.9910416 -0.009107175 0.1332429 0 0 0.9976723 0.06819107 0 -0.1335538 -0.06758018 0.9887347 0 1.367178 -0.2461917 3.425942 1
v 0.9907478 -0.00925459 0.1353997 0 0 0.9976723 0.06819107 0 -0.1357156 -0.06756015 0.9884417 0 1.366161 -0.246395 3.428916 1
v 0.9904494 -0.009401961 0.1375558 0 0 0.9976723 0.06819107 0 -0.1378767 -0.0675398 0.9881439 0 1.365137 -0.2465982 3.431889 1
v 0.9901462 -0.009549288 0.1397113 0 0 0.9976723 0.06819107 0 -0.1400372 -0.06751913 0.9878415 0 1.364107 -0.2468012 3.434859 1
v 0.9898384 -0.009696569 0.1418661 0 0 0.9976723 0.06819107 0 -0.142197 -0.06749814 0.9875343 0 1.36307 -0.2470041 3.437827 1
v 0.9895258 -0.009843804 0.1440202 0 0 0.9976723 0.06819107 0 -0.1443562 -0.06747682 0.9872225 0 1.362027 -0.2472068 3.440793 1
v 0.9892085 -0.009990992 0.1461736 0 0 0.9976723 0.06819107 0 -0.1465147 -0.06745518 0.9869059 0 1.360977 -0.2474093 3.443756 1
v 0.9888865 -0.01013813 0.1483264 0 0 0.9976723 0.06819107 0 -0.1486724 -0.06743323 0.9865846 0 1.359921 -0.2476117 3.446717 1
v 0.9885598 -0.01028522 0.1504784 0 0 0.9976723 0.06819107 0 -0.1508295 -0.06741095 0.9862587 0 1.358859 -0.2478139 3.449676 1
v 0.9882284 -0.01043227 0.1526297 0 0 0.9976723 0.06819107 0 -0.1529858 -0.06738835 0.9859281 0 1.35779 -0.248016 3.452633 1
v 0.9878923 -0.01057926 0.1547803 0 0 0.9976723 0.06819107 0 -0.1551415 -0.06736543 0.9855927 0 1.356714 -0.2482179 3.455587 1
v 0.9875514 -0.0107262 0.1569302 0 0 0.9976723 0.06819107 0 -0.1572963 -0.06734219 0.9852527 0 1.355632 -0.2484197 3.458539 1
v 0.9872059 -0.0108731 0.1590793 0 0 0.9976723 0.06819107 0 -0.1594505 -0.06731863 0.984908 0 1.354544 -0.2486213 3.461488 1
v 0.9868557 -0.01101994 0.1612277 0 0 0.9976723 0.06819107 0 -0.1616038 -0.06729475 0.9845586 0 1.353449 -0.2488227 3.464435 1
v 0.9865008 -0.01116673 0.1633752 0 0 0.9976723 0.06819107 0 -0.1637564 -0.06727054 0.9842045 0 1.352347 -0.249024 3.46738 1
v 0.9861412 -0.01131346 0.1655221 0 0 0.9976723 0.06819107 0 -0.1659082 -0.06724602 0.9838457 0 1.35124 -0.2492251 3.470322 1
v 0.9857769 -0.01146014 0.1676681 0 0 0.9976723 0.06819107 0 -0.1680593 -0.06722118 0.9834823 0 1.350125 -0.249426 3.473262 1
v 0.9854079 -0.01160677 0.1698133 0 0 0.9976723 0.06819107 0 -0.1702095 -0.06719602 0.9831141 0 1.349005 -0.2496268 3.4762 1
v 0.9850342 -0.01175334 0.1719577 0 0 0.9976723 0.06819107 0 -0.1723589 -0.06717054 0.9827413 0 1.347878 -0.2498274 3.479135 1
v 0.9846558 -0.01189985 0.1741013 0 0 0.9976723 0.06819107 0 -0.1745075 -0.06714473 0.9823638 0 1.346744 -0.2500279 3.482067 1
v 0.9842728 -0.01204631 0.1762441 0 0 0.9976723 0.06819107 0 -0.1766553 -0.06711861 0.9819817 0 1.345604 -0.2502281 3.484997 1
v 0.983885 -0.01219271 0.178386 0 0 0.9976723 0.06819107 0 -0.1788022 -0.06709217 0.9815948 0 1.344458 -0.2504282 3.487925 1
v 0.9834926 -0.01233906 0.1805271 0 0 0.9976723 0.06819107 0 -0.1809483 -0.06706541 0.9812033 0 1.343305 -0.2506282 3.49085 1
v 0.9830955 -0.01248534 0.1826673 0 0 0.9976723 0.06819107 0 -0.1830935 -0.06703833 0.9808071 0 1.342146 -0.2508279 3.493772 1
v 0.9826937 -0.01263157 0.1848067 0 0 0.9976723 0.06819107 0 -0.1852379 -0.06701093 0.9804063 0 1.340981 -0.2510275 3.496692 1
v 0.9822873 -0.01277773 0.1869451 0 0 0.9976723 0.06819107 0 -0.1873813 -0.06698322 0.9800008 0 1.339809 -0.2512269 3.49961 1
v 0.9818761 -0.01292384 0.1890827 0 0 0.9976723 0.06819107 0 -0.1895239 -0.06695518 0.9795906 0 1.338631 -0.2514262 3.502525 1
v 0.9814603 -0.01306988 0.1912194 0 0 0.9976723 0.06819107 0 -0.1916656 -0.06692683 0.9791757 0 1.337446 -0.2516252 3.505437 1
v 0.9810398 -0.01321586 0.1933552 0 0 0.9976723 0.06819107 0 -0.1938063 -0.06689815 0.9787562 0 1.336255 -0.2518241 3.508347 1
v 0.9806147 -0.01336178 0.19549 0 0 0.9976723 0.06819107 0 -0.1959461 -0.06686916 0.9783321 0 1.335058 -0.2520228 3.511254 1
v 0.9801848 -0.01350763 0.197624 0 0 0.9976723 0.06819107 0 -0.198085 -0.06683985 0.9779032 0 1.333854 -0.2522213 3.514159 1
v 0.9797504 -0.01365342 0.1997569 0 0 0.9976723 0.06819107 0 -0.200223 -0.06681022 0.9774698 0 1.332644 -0.2524197 3.517061 1
v 0.9793112 -0.01379915 0.201889 0 0 0.9976723 0.06819107 0 -0.20236 -0.06678028 0.9770316 0 1.331428 -0.2526178 3.51996 1
v 0.9788674 -0.0139448 0.20402 0 0 0.9976723 0.06819107 0 -0.2044961 -0.06675001 0.9765889 0 1.330205 -0.2528158 3.522856 1
v 0.9784189 -0.0140904 0.2061501 0 0 0.9976723 0.06819107 0 -0.2066311 -0.06671943 0.9761414 0 1.328976 -0.2530136 3.52575 1
v 0.9779658 -0.01423592 0.2082793 0 0 0.9976723 0.06819107 0 -0.2087652 -0.06668853 0.9756894 0 1.327741 -0.2532113 3.528642 1
v 0.977508 -0.01438138 0.2104074 0 0 0.9976723 0.06819107 0 -0.2108983 -0.06665732 0.9752326 0 1.326499 -0.2534087 3.53153 1
v 0.9770456 -0.01452677 0.2125345 0 0 0.9976723 0.06819107 0 -0.2130304 -0.06662578 0.9747713 0 1.325251 -0.2536059 3.534416 1
v 0.9765785 -0.01467209 0.2146606 0 0 0.9976723 0.06819107 0 -0.2151615 -0.06659393 0.9743053 0 1.323997 -0.253803 3.537299 1
v 0.9761068 -0.01481734 0.2167857 0 0 0.9976723 0.06819107 0 -0.2172915 -0.06656176 0.9738347 0 1.322736 -0.2539999 3.54018 1
v 0.9756304 -0.01496252 0.2189098 0 0 0.9976723 0.06819107 0 -0.2194205 -0.06652928 0.9733594 0 1.321469 -0.2541966 3.543057 1
v 0.9751494 -0.01510763 0.2210328 0 0 0.9976723 0.06819107 0 -0.2215485 -0.06649648 0.9728795 0 1.320196 -0.2543931 3.545932 1
v 0.9746637 -0.01525267 0.2231548 0 0 0.9976723 0.06819107 0 -0.2236754 -0.06646336 0.9723949 0 1.318917 -0.2545894 3.548804 1
v 0.9741734 -0.01539763 0.2252757 0 0 0.9976723 0.06819107 0 -0.2258013 -0.06642992 0.9719058 0 1.317631 -0.2547855 3.551674 1
v 0.9736784 -0.01554252 0.2273955 0 0 0.9976723 0.06819107 0 -0.227926 -0.06639617 0.971412 0 1.316339 -0.2549814 3.55454 1
v 0.9731789 -0.01568734 0.2295142 0 0 0.9976723 0.06819107 0 -0.2300497 -0.06636211 0.9709136 0 1.315041 -0.2551772 3.557404 1
v 0.9726747 -0.01583208 0.2316319 0 0 0.9976723 0.06819107 0 -0.2321723 -0.06632772 0.9704106 0 1.313736 -0.2553727 3.560265 1
v 0.9721658 -0.01597675 0.2337485 0 0 0.9976723 0.06819107 0 -0.2342938 -0.06629303 0.9699029 0 1.312425 -0.2555681 3.563123 1
v 0.9716524 -0.01612134 0.2358639 0 0 0.9976723 0.06819107 0 -0.2364142 -0.06625801 0.9693906 0 1.311108 -0.2557632 3.565978 1
v 0.9711343 -0.01626585 0.2379782 0 0 0.9976723 0.06819107 0 -0.2385335 -0.06622268 0.9688738 0 1.309785 -0.2559582 3.56883 1
v 0.9706116 -0.01641029 0.2400914 0 0 0.9976723 0.06819107 0 -0.2406516 -0.06618704 0.9683523 0 1.308455 -0.2561529 3.57168 1
v 0.9700842 -0.01655465 0.2422034 0 0 0.9976723 0.06819107 0 -0.2427685 -0.06615108 0.9678262 0 1.30712 -0.2563475 3.574526 1
v 0.9695523 -0.01669893 0.2443143 0 0 0.9976723 0.06819107 0 -0.2448844 -0.06611481 0.9672954 0 1.305778 -0.2565418 3.57737 1
v 0.9690157 -0.01684313 0.2464241 0 0 0.9976723 0.06819107 0 -0.246999 -0.06607822 0.9667601 0 1.30443 -0.256736 3.580211 1
v 0.9684746 -0.01698725 0.2485326 0 0 0.9976723 0.06819107 0 -0.2491125 -0.06604131 0.9662202 0 1.303075 -0.25693 3.583048 1
v 0.9679288 -0.01713129 0.25064 0 0 0.9976723 0.06819107 0 -0.2512248 -0.0660041 0.9656757 0 1.301715 -0.2571237 3.585883 1
v 0.9673784 -0.01727524 0.2527462 0 0 0.9976723 0.06819107 0 -0.2533359 -0.06596657 0.9651266 0 1.300348 -0.2573173 3.588715 1
v 0.9668234 -0.01741912 0.2548512 0 0 0.9976723 0.06819107 0 -0.2554458 -0.06592872 0.9645729 0 1.298975 -0.2575106 3.591544 1
v 0.9662638 -0.01756291 0.2569549 0 0 0.9976723 0.06819107 0 -0.2575544 -0.06589056 0.9640146 0 1.297596 -0.2577038 3.59437 1
v 0.9656996 -0.01770662 0.2590575 0 0 0.9976723 0.06819107 0 -0.2596619 -0.06585209 0.9634517 0 1.29621 -0.2578967 3.597192 1
v 0.9651308 -0.01785025 0.2611588 0 0 0.9976723 0.06819107 0 -0.2617681 -0.0658133 0.9628842 0 1.294819 -0.2580894 3.600012 1
v 0.9645574 -0.01799379 0.2632588 0 0 0.9976723 0.06819107 0 -0.263873 -0.0657742 0.9623122 0 1.293421 -0.258282 3.602829 1
v 0.9639794 -0.01813724 0.2653576 0 0 0.9976723 0.06819107 0 -0.2659768 -0.06573479 0.9617356 0 1.292017 -0.2584743 3.605643 1
v 0.9633969 -0.01828061 0.2674552 0 0 0.9976723 0.06819107 0 -0.2680792 -0.06569506 0.9611544 0 1.290607 -0.2586664 3.608453 1
v 0.9628097 -0.01842389 0.2695515 0 0 0.9976723 0.06819107 0 -0.2701804 -0.06565502 0.9605686 0 1.289191 -0.2588583 3.611261 1
v 0.962218 -0.01856708 0.2716465 0 0 0.9976723 0.06819107 0 -0.2722802 -0.06561467 0.9599782 0 1.287769 -0.25905 3.614065 1
v 0.9616217 -0.01871019 0.2737402 0 0 0.9976723 0.06819107 0 -0.2743788 -0.06557401 0.9593833 0 1.286341 -0.2592414 3.616867 1
v 0.9610208 -0.0188532 0.2758326 0 0 0.9976723 0.06819107 0 -0.2764761 -0.06553303 0.9587838 0 1.284906 -0.2594327 3.619665 1
v 0.9604153 -0.01899613 0.2779236 0 0 0.9976723 0.06819107 0 -0.2785721 -0.06549175 0.9581797 0 1.283465 -0.2596238 3.62246 1
v 0.9598053 -0.01913896 0.2800134 0 0 0.9976723 0.06819107 0 -0.2806667 -0.06545015 0.9575711 0 1.282019 -0.2598146 3.625252 1
v 0.9591907 -0.01928171 0.2821018 0 0 0.9976723 0.06819107 0 -0.28276 -0.06540824 0.956958 0 1.280566 -0.2600052 3.628041 1
v 0.9585715 -0.01942436 0.2841889 0 0 0.9976723 0.06819107 0 -0.284852 -0.06536602 0.9563402 0 1.279107 -0.2601956 3.630827 1
v 0.9579478 -0.01956692 0.2862746 0 0 0.9976723 0.06819107 0 -0.2869426 -0.06532348 0.955718 0 1.277642 -0.2603858 3.633609 1
v 0.9573195 -0.01970939 0.288359 0 0 0.9976723 0.06819107 0 -0.2890318 -0.06528064 0.9550911 0 1.276171 -0.2605758 3.636388 1
v 0.9566867 -0.01985176 0.290442 0 0 0.9976723 0.06819107 0 -0.2911197 -0.06523748 0.9544598 0 1.274694 -0.2607655 3.639165 1
v 0.9560492 -0.01999404 0.2925236 0 0 0.9976723 0.06819107 0 -0.2932061 -0.06519402 0.9538238 0 1.27321 -0.260955 3.641937 1
v 0.9554073 -0.02013622 0.2946038 0 0 0.9976723 0.06819107 0 -0.2952912 -0.06515024 0.9531834 0 1.271721 -0.2611443 3.644707 1
v 0.9547608 -0.02027831 0.2966827 0 0 0.9976723 0.06819107 0 -0.2973749 -0.06510616 0.9525384 0 1.270226 -0.2613334 3.647473 1
v 0.9541098 -0.0204203 0.2987601 0 0 0.9976723 0.06819107 0 -0.2994571 -0.06506176 0.9518889 0 1.268724 -0.2615223 3.650237 1
v 0.9534542 -0.0205622 0.3008361 0 0 0.9976723 0.06819107 0 -0.301538 -0.06501706 0.9512348 0 1.267217 -0.2617109 3.652996 1
v 0.9527941 -0.02070399 0.3029106 0 0 0.9976723 0.06819107 0 -0.3036174 -0.06497204 0.9505762 0 1.265704 -0.2618993 3.655753 1
v 0.9521294 -0.02084569 0.3049837 0 0 0.9976723 0.06819107 0 -0.3056953 -0.06492672 0.9499131 0 1.264184 -0.2620875 3.658506 1
v 0.9514602 -0.02098729 0.3070554 0 0 0.9976723 0.06819107 0 -0.3077718 -0.06488109 0.9492455 0 1.262659 -0.2622755 3.661256 1
v 0.9507865 -0.02112879 0.3091256 0 0 0.9976723 0.06819107 0 -0.3098468 -0.06483515 0.9485733 0 1.261127 -0.2624632 3.664003 1
v 0.9501082 -0.02127018 0.3111943 0 0 0.9976723 0.06819107 0 -0.3119204 -0.0647889 0.9478967 0 1.25959 -0.2626507 3.666746 1
v 0.9494255 -0.02141148 0.3132616 0 0 0.9976723 0.06819107 0 -0.3139925 -0.06474234 0.9472155 0 1.258046 -0.262838 3.669486 1
v 0.9487382 -0.02155268 0.3153273 0 0 0.9976723 0.06819107 0 -0.316063 -0.06469547 0.9465298 0 1.256496 -0.263025 3.672222 1
v 0.9480464 -0.02169377 0.3173916 0 0 0.9976723 0.06819107 0 -0.3181321 -0.0646483 0.9458396 0 1.254941 -0.2632118 3.674956 1
v 0.9473501 -0.02183476 0.3194543 0 0 0.9976723 0.06819107 0 -0.3201997 -0.06460081 0.9451449 0 1.25338 -0.2633984 3.677685 1
v 0.9466493 -0.02197564 0.3215156 0 0 0.9976723 0.06819107 0 -0.3222657 -0.06455302 0.9444457 0 1.251812 -0.2635848 3.680412 1
v 0.9459439 -0.02211642 0.3235752 0 0 0.9976723 0.06819107 0 -0.3243302 -0.06450493 0.943742 0 1.250239 -0.2637709 3.683135 1
v 0.9452341 -0.0222571 0.3256334 0 0 0.9976723 0.06819107 0 -0.3263932 -0.06445652 0.9430339 0 1.248659 -0.2639568 3.685854 1
v 0.9445198 -0.02239767 0.32769 0 0 0.9976723 0.06819107 0 -0.3284546 -0.06440781 0.9423212 0 1.247074 -0.2641424 3.68857 1
v 0.943801 -0.02253813 0.329745 0 0 0.9976723 0.06819107 0 -0.3305144 -0.0643588 0.941604 0 1.245483 -0.2643278 3.691283 1
v 0.9430776 -0.02267848 0.3317985 0 0 0.9976723 0.06819107 0 -0.3325727 -0.06430947 0.9408824 0 1.243886 -0.264513 3.693992 1
v 0.9423498 -0.02281873 0.3338504 0 0 0.9976723 0.06819107 0 -0.3346293 -0.06425984 0.9401563 0 1.242283 -0.2646979 3.696698 1
v 0.9416175 -0.02295887 0.3359007 0 0 0.9976723 0.06819107 0 -0.3366844 -0.06420991 0.9394257 0 1.240674 -0.2648826 3.6994 1
v 0.9408808 -0.0230989 0.3379494 0 0 0.9976723 0.06819107 0 -0.3387379 -0.06415966 0.9386907 0 1.239059 -0.2650671 3.702099 1
v 0.9401395 -0.02323882 0.3399965 0 0 0.9976723 0.06819107 0 -0.3407898 -0.06410912 0.9379511 0 1.237438 -0.2652513 3.704794 1
v 0.9393938 -0.02337863 0.342042 0 0 0.9976723 0.06819107 0 -0.34284 -0.06405827 0.9372071 0 1.235811 -0.2654353 3.707485 1
v 0.9386436 -0.02351833 0.3440859 0 0 0.9976723 0.06819107 0 -0.3448887 -0.06400711 0.9364587 0 1.234179 -0.265619 3.710174 1
v 0.9378889 -0.02365791 0.3461281 0 0 0.9976723 0.06819107 0 -0.3469357 -0.06395565 0.9357058 0 1.232541 -0.2658025 3.712858 1
v 0.9371298 -0.02379739 0.3481687 0 0 0.9976723 0.06819107 0 -0.348981 -0.06390388 0.9349484 0 1.230896 -0.2659857 3.715539 1
v 0.9363662 -0.02393675 0.3502076 0 0 0.9976723 0.06819107 0 -0.3510246 -0.06385181 0.9341866 0 1.229246 -0.2661687 3.718216 1
v 0.9355982 -0.02407599 0.3522448 0 0 0.9976723 0.06819107 0 -0.3530666 -0.06379944 0.9334204 0 1.22759 -0.2663515 3.72089 1
v 0.9348257 -0.02421512 0.3542804 0 0 0.9976723 0.06819107 0 -0.355107 -0.06374676 0.9326497 0 1.225928 -0.266534 3.72356 1
v 0.9340487 -0.02435414 0.3563143 0 0 0.9976723 0.06819107 0 -0.3571456 -0.06369378 0.9318745 0 1.224261 -0.2667162 3.726227 1
v 0.9332673 -0.02449304 0.3583464 0 0 0.9976723 0.06819107 0 -0.3591825 -0.0636405 0.931095 0 1.222587 -0.2668982 3.72889 1
v 0.9324815 -0.02463182 0.3603769 0 0 0.9976723 0.06819107 0 -0.3612177 -0.06358691 0.9303109 0 1.220908 -0.26708 3.731549 1
v 0.9316912 -0.02477049 0.3624057 0 0 0.9976723 0.06819107 0 -0.3632512 -0.06353302 0.9295225 0 1.219223 -0.2672615 3.734204 1
v 0.9308965 -0.02490904 0.3644327 0 0 0.9976723 0.06819107 0 -0.365283 -0.06347883 0.9287297 0 1.217532 -0.2674428 3.736856 1
v 0.9300974 -0.02504747 0.366458 0 0 0.9976723 0.06819107 0 -0.367313 -0.06342433 0.9279324 0 1.215835 -0.2676238 3.739505 1
v 0.9292938 -0.02518578 0.3684816 0 0 0.9976723 0.06819107 0 -0.3693413 -0.06336954 0.9271307 0 1.214132 -0.2678045 3.742149 1
v 0.9284858 -0.02532397 0.3705034 0 0 0.9976723 0.06819107 0 -0.3713678 -0.06331444 0.9263246 0 1.212424 -0.267985 3.74479 1
v 0.9276734 -0.02546204 0.3725234 0 0 0.9976723 0.06819107 0 -0.3733926 -0.06325904 0.9255141 0 1.21071 -0.2681653 3.747427 1
v 0.9268566 -0.02559999 0.3745417 0 0 0.9976723 0.06819107 0 -0.3754156 -0.06320334 0.9246991 0 1.20899 -0.2683453 3.75006 1
v 0.9260354 -0.02573782 0.3765582 0 0 0.9976723 0.06819107 0 -0.3774368 -0.06314734 0.9238798 0 1.207265 -0.268525 3.75269 1
v 0.9252097 -0.02587552 0.3785729 0 0 0.9976723 0.06819107 0 -0.3794562 -0.06309104 0.9230561 0 1.205533 -0.2687045 3.755316 1
v 0.9243797 -0.0260131 0.3805858 0 0 0.9976723 0.06819107 0 -0.3814737 -0.06303444 0.922228 0 1.203796 -0.2688837 3.757938 1
v 0.9235452 -0.02615056 0.3825969 0 0 0.9976723 0.06819107 0 -0.3834895 -0.06297754 0.9213955 0 1.202053 -0.2690626 3.760556 1
v 0.9227064 -0.02628789 0.3846061 0 0 0.9976723 0.06819107 0 -0.3855035 -0.06292033 0.9205586 0 1.200305 -0.2692413 3.763171 1
v 0.9218632 -0.0264251 0.3866136 0 0 0.9976723 0.06819107 0 -0.3875156 -0.06286283 0.9197173 0 1.198551 -0.2694198 3.765781 1
v 0.9210155 -0.02656218 0.3886191 0 0 0.9976723 0.06819107 0 -0.3895259 -0.06280503 0.9188717 0 1.196791 -0.269598 3.768388 1
v 0.9201635 -0.02669914 0.3906229 0 0 0.9976723 0.06819107 0 -0.3915343 -0.06274693 0.9180216 0 1.195025 -0.2697759 3.770991 1
v 0.9193071 -0.02683597 0.3926248 0 0 0.9976723 0.06819107 0 -0.3935408 -0.06268854 0.9171673 0 1.193254 -0.2699535 3.77359 1
v 0.9184464 -0.02697267 0.3946248 0 0 0.9976723 0.06819107 0 -0.3955455 -0.06262984 0.9163085 0 1.191477 -0.2701309 3.776185 1
v 0.9175812 -0.02710924 0.3966229 0 0 0.9976723 0.06819107 0 -0.3975483 -0.06257085 0.9154454 0 1.189694 -0.270308 3.778777 1
v 0.9167118 -0.02724569 0.3986192 0 0 0.9976723 0.06819107 0 -0.3995492 -0.06251155 0.9145779 0 1.187906 -0.2704849 3.781364 1
v 0.9158379 -0.027382 0.4006135 0 0 0.9976723 0.06819107 0 -0.4015482 -0.06245196 0.9137061 0 1.186112 -0.2706615 3.783948 1
v 0.9149597 -0.02751818 0.402606 0 0 0.9976723 0.06819107 0 -0.4035453 -0.06239208 0.9128299 0 1.184312 -0.2708378 3.786528 1
v 0.9140771 -0.02765424 0.4045965 0 0 0.9976723 0.06819107 0 -0.4055405 -0.06233189 0.9119494 0 1.182507 -0.2710139 3.789104 1
v 0.9131902 -0.02779016 0.4065851 0 0 0.9976723 0.06819107 0 -0.4075337 -0.06227141 0.9110645 0 1.180696 -0.2711896 3.791675 1
v 0.9122989 -0.02792595 0.4085717 0 0 0.9976723 0.06819107 0 -0.409525 -0.06221064 0.9101753 0 1.17888 -0.2713652 3.794243 1
v 0.9114033 -0.0280616 0.4105565 0 0 0.9976723 0.06819107 0 -0.4115144 -0.06214956 0.9092818 0 1.177057 -0.2715404 3.796807 1
v 0.9105033 -0.02819713 0.4125392 0 0 0.9976723 0.06819107 0 -0.4135018 -0.06208819 0.9083839 0 1.17523 -0.2717154 3.799367 1
