# generated by tools/sample_orbit_path.py
# orbit_json: tools/benchmark_path_pringles.json
# frames: 720  span_deg: -360.000  az_start: -75.800
# notes: Clean orbit around world +Y. look_at is the convergence point of anchor A and B's forward rays (~(-1.42, 0.22, -0.28)) -- not scene origin -- which matches where the user was actually pointing the camera. Camera orbits at y=0.012 (mean of anchor camera Y), radius 2.97 in X-Z plane. Axis snapped from noisy measured axis [-0.014, 0.9998, 0.010] to clean +Y. world_up = -Y because scene loaded with --flip-scene.
fov_half_rad: 0.524
ply: data/pringles.ply
v 0.9694453 0.01672777 -0.2447364 0 0 0.9976723 0.06819107 0 0.2453074 -0.06610751 0.9671888 0 1.4419 -0.2091742 2.884355 1
v 0.9715491 0.01615025 -0.2362869 0 0 0.9976723 0.06819107 0 0.2368381 -0.06625097 0.9692876 0 1.442526 -0.2100324 2.896912 1
v 0.9735789 0.01557149 -0.2278193 0 0 0.9976723 0.06819107 0 0.2283509 -0.06638939 0.9713127 0 1.443043 -0.210891 2.909473 1
v 0.9755345 0.01499155 -0.2193345 0 0 0.9976723 0.06819107 0 0.2198462 -0.06652274 0.9732638 0 1.44345 -0.2117498 2.922039 1
v 0.9774159 0.01441046 -0.2108329 0 0 0.9976723 0.06819107 0 0.2113248 -0.06665103 0.9751407 0 1.443747 -0.2126089 2.934607 1
v 0.9792228 0.01382828 -0.2023153 0 0 0.9976723 0.06819107 0 0.2027873 -0.06677425 0.9769435 0 1.443934 -0.2134681 2.947178 1
v 0.9809552 0.01324505 -0.1937822 0 0 0.9976723 0.06819107 0 0.1942344 -0.06689238 0.9786718 0 1.444011 -0.2143274 2.95975 1
v 0.9826128 0.0126608 -0.1852344 0 0 0.9976723 0.06819107 0 0.1856666 -0.06700542 0.9803255 0 1.443978 -0.2151867 2.972322 1
v 0.9841956 0.0120756 -0.1766725 0 0 0.9976723 0.06819107 0 0.1770847 -0.06711335 0.9819047 0 1.443835 -0.2160459 2.984893 1
v 0.9857035 0.01148947 -0.1680972 0 0 0.9976723 0.06819107 0 0.1684894 -0.06721617 0.983409 0 1.443582 -0.2169051 2.997462 1
v 0.9871363 0.01090247 -0.159509 0 0 0.9976723 0.06819107 0 0.1598812 -0.06731388 0.9848385 0 1.443219 -0.217764 3.010029 1
v 0.9884939 0.01031464 -0.1509087 0 0 0.9976723 0.06819107 0 0.1512608 -0.06740645 0.9861929 0 1.442746 -0.2186227 3.022592 1
v 0.9897762 0.009726019 -0.1422969 0 0 0.9976723 0.06819107 0 0.1426289 -0.0674939 0.9874723 0 1.442164 -0.2194811 3.035151 1
v 0.9909832 0.009136661 -0.1336743 0 0 0.9976723 0.06819107 0 0.1339862 -0.0675762 0.9886765 0 1.441471 -0.2203391 3.047704 1
v 0.9921147 0.008546607 -0.1250415 0 0 0.9976723 0.06819107 0 0.1253332 -0.06765336 0.9898053 0 1.440669 -0.2211966 3.06025 1
v 0.9931706 0.007955902 -0.1163992 0 0 0.9976723 0.06819107 0 0.1166707 -0.06772537 0.9908588 0 1.439757 -0.2220537 3.07279 1
v 0.994151 0.007364591 -0.107748 0 0 0.9976723 0.06819107 0 0.1079994 -0.06779222 0.9918369 0 1.438736 -0.2229102 3.08532 1
v 0.9950556 0.00677272 -0.09908856 0 0 0.9976723 0.06819107 0 0.09931975 -0.0678539 0.9927394 0 1.437605 -0.223766 3.097841 1
v 0.9958844 0.006180332 -0.09042161 0 0 0.9976723 0.06819107 0 0.09063258 -0.06791042 0.9935663 0 1.436364 -0.2246211 3.110352 1
v 0.9966374 0.005587474 -0.08174778 0 0 0.9976723 0.06819107 0 0.08193851 -0.06796177 0.9943175 0 1.435014 -0.2254755 3.122852 1
v 0.9973145 0.004994191 -0.07306772 0 0 0.9976723 0.06819107 0 0.0732382 -0.06800794 0.994993 0 1.433555 -0.226329 3.135339 1
v 0.9979156 0.004400527 -0.0643821 0 0 0.9976723 0.06819107 0 0.06453231 -0.06804893 0.9955928 0 1.431986 -0.2271816 3.147814 1
v 0.9984408 0.003806528 -0.05569157 0 0 0.9976723 0.06819107 0 0.0558215 -0.06808474 0.9961167 0 1.430309 -0.2280332 3.160274 1
v 0.9988899 0.003212239 -0.0469968 0 0 0.9976723 0.06819107 0 0.04710645 -0.06811537 0.9965647 0 1.428523 -0.2288839 3.172719 1
v 0.9992629 0.002617706 -0.03829845 0 0 0.9976723 0.06819107 0 0.03838781 -0.06814081 0.9969369 0 1.426627 -0.2297334 3.185148 1
v 0.9995599 0.002022973 -0.02959719 0 0 0.9976723 0.06819107 0 0.02966624 -0.06816105 0.9972332 0 1.424624 -0.2305818 3.19756 1
v 0.9997807 0.001428086 -0.02089367 0 0 0.9976723 0.06819107 0 0.02094242 -0.06817611 0.9974535 0 1.422511 -0.2314289 3.209954 1
v 0.9999254 0.0008330903 -0.01218856 0 0 0.9976723 0.06819107 0 0.012217 -0.06818598 0.9975978 0 1.420291 -0.2322748 3.222329 1
v 0.9999939 0.0002380312 -0.003482526 0 0 0.9976723 0.06819107 0 0.003490651 -0.06819065 0.9976662 0 1.417962 -0.2331193 3.234685 1
v 0.9999863 -0.000357046 0.005223776 0 0 0.9976723 0.06819107 0 -0.005235964 -0.06819013 0.9976586 0 1.415525 -0.2339623 3.24702 1
v 0.9999025 -0.000952096 0.01392968 0 0 0.9976723 0.06819107 0 -0.01396218 -0.06818442 0.997575 0 1.41298 -0.2348039 3.259333 1
v 0.9997426 -0.001547074 0.02263452 0 0 0.9976723 0.06819107 0 -0.02268733 -0.06817352 0.9974155 0 1.410328 -0.235644 3.271623 1
v 0.9995066 -0.002141933 0.03133764 0 0 0.9976723 0.06819107 0 -0.03141076 -0.06815742 0.99718 0 1.407569 -0.2364824 3.28389 1
v 0.9991944 -0.00273663 0.04003838 0 0 0.9976723 0.06819107 0 -0.04013179 -0.06813613 0.9968686 0 1.404702 -0.2373192 3.296132 1
v 0.9988061 -0.003331118 0.04873606 0 0 0.9976723 0.06819107 0 -0.04884977 -0.06810966 0.9964812 0 1.401728 -0.2381542 3.308349 1
v 0.9983418 -0.003925352 0.05743003 0 0 0.9976723 0.06819107 0 -0.05756403 -0.06807799 0.996018 0 1.398648 -0.2389874 3.32054 1
v 0.9978015 -0.004519288 0.06611963 0 0 0.9976723 0.06819107 0 -0.0662739 -0.06804115 0.9954789 0 1.395461 -0.2398188 3.332703 1
v 0.9971851 -0.005112879 0.0748042 0 0 0.9976723 0.06819107 0 -0.07497873 -0.06799912 0.994864 0 1.392167 -0.2406482 3.344838 1
v 0.9964929 -0.005706082 0.08348306 0 0 0.9976723 0.06819107 0 -0.08367784 -0.06795191 0.9941733 0 1.388768 -0.2414757 3.356944 1
v 0.9957247 -0.006298849 0.09215557 0 0 0.9976723 0.06819107 0 -0.09237059 -0.06789953 0.9934069 0 1.385263 -0.2423011 3.36902 1
v 0.9948807 -0.006891137 0.1008211 0 0 0.9976723 0.06819107 0 -0.1010563 -0.06784198 0.9925649 0 1.381652 -0.2431244 3.381065 1
v 0.993961 -0.0074829 0.1094789 0 0 0.9976723 0.06819107 0 -0.1097343 -0.06777926 0.9916473 0 1.377937 -0.2439454 3.393078 1
v 0.9929655 -0.008074093 0.1181284 0 0 0.9976723 0.06819107 0 -0.118404 -0.06771138 0.9906542 0 1.374116 -0.2447643 3.405058 1
v 0.9918944 -0.008664671 0.1267688 0 0 0.9976723 0.06819107 0 -0.1270646 -0.06763834 0.9895856 0 1.37019 -0.2455808 3.417005 1
v 0.9907478 -0.00925459 0.1353997 0 0 0.9976723 0.06819107 0 -0.1357156 -0.06756015 0.9884417 0 1.366161 -0.246395 3.428916 1
v 0.9895258 -0.009843804 0.1440202 0 0 0.9976723 0.06819107 0 -0.1443562 -0.06747682 0.9872225 0 1.362027 -0.2472068 3.440793 1
v 0.9882284 -0.01043227 0.1526297 0 0 0.9976723 0.06819107 0 -0.1529858 -0.06738835 0.9859281 0 1.35779 -0.248016 3.452633 1
v 0.9868557 -0.01101994 0.1612277 0 0 0.9976723 0.06819107 0 -0.1616038 -0.06729475 0.9845586 0 1.353449 -0.2488227 3.464435 1
v 0.9854079 -0.01160677 0.1698133 0 0 0.9976723 0.06819107 0 -0.1702095 -0.06719602 0.9831141 0 1.349005 -0.2496268 3.4762 1
v 0.983885 -0.01219271 0.178386 0 0 0.9976723 0.06819107 0 -0.1788022 -0.06709217 0.9815948 0 1.344458 -0.2504282 3.487925 1
v 0.9822873 -0.01277773 0.1869451 0 0 0.9976723 0.06819107 0 -0.1873813 -0.06698322 0.9800008 0 1.339809 -0.2512269 3.49961 1
v 0.9806147 -0.01336178 0.19549 0 0 0.9976723 0.06819107 0 -0.1959461 -0.06686916 0.9783321 0 1.335058 -0.2520228 3.511254 1
v 0.9788674 -0.0139448 0.20402 0 0 0.9976723 0.06819107 0 -0.2044961 -0.06675001 0.9765889 0 1.330205 -0.2528158 3.522856 1
v 0.9770456 -0.01452677 0.2125345 0 0 0.9976723 0.06819107 0 -0.2130304 -0.06662578 0.9747713 0 1.325251 -0.2536059 3.534416 1
v 0.9751494 -0.01510763 0.2210328 0 0 0.9976723 0.06819107 0 -0.2215485 -0.06649648 0.9728795 0 1.320196 -0.2543931 3.545932 1
v 0.9731789 -0.01568734 0.2295142 0 0 0.9976723 0.06819107 0 -0.2300497 -0.06636211 0.9709136 0 1.315041 -0.2551772 3.557404 1
v 0.9711343 -0.01626585 0.2379782 0 0 0.9976723 0.06819107 0 -0.2385335 -0.06622268 0.9688738 0 1.309785 -0.2559582 3.56883 1
v 0.9690157 -0.01684313 0.2464241 0 0 0.9976723 0.06819107 0 -0.246999 -0.06607822 0.9667601 0 1.30443 -0.256736 3.580211 1
v 0.9668234 -0.01741912 0.2548512 0 0 0.9976723 0.06819107 0 -0.2554458 -0.06592872 0.9645729 0 1.298975 -0.2575106 3.591544 1
v 0.9645574 -0.01799379 0.2632588 0 0 0.9976723 0.06819107 0 -0.263873 -0.0657742 0.9623122 0 1.293421 -0.258282 3.602829 1
v 0.962218 -0.01856708 0.2716465 0 0 0.9976723 0.06819107 0 -0.2722802 -0.06561467 0.9599782 0 1.287769 -0.25905 3.614065 1
v 0.9598053 -0.01913896 0.2800134 0 0 0.9976723 0.06819107 0 -0.2806667 -0.06545015 0.9575711 0 1.282019 -0.2598146 3.625252 1
v 0.9573195 -0.01970939 0.288359 0 0 0.9976723 0.06819107 0 -0.2890318 -0.06528064 0.9550911 0 1.276171 -0.2605758 3.636388 1
v 0.9547608 -0.02027831 0.2966827 0 0 0.9976723 0.06819107 0 -0.2973749 -0.06510616 0.9525384 0 1.270226 -0.2613334 3.647473 1
v 0.9521294 -0.02084569 0.3049837 0 0 0.9976723 0.06819107 0 -0.3056953 -0.06492672 0.9499131 0 1.264184 -0.2620875 3.658506 1
v 0.9494255 -0.02141148 0.3132616 0 0 0.9976723 0.06819107 0 -0.3139925 -0.06474234 0.9472155 0 1.258046 -0.262838 3.669486 1
v 0.9466493 -0.02197564 0.3215156 0 0 0.9976723 0.06819107 0 -0.3222657 -0.06455302 0.9444457 0 1.251812 -0.2635848 3.680412 1
v 0.943801 -0.02253813 0.329745 0 0 0.9976723 0.06819107 0 -0.3305144 -0.0643588 0.941604 0 1.245483 -0.2643278 3.691283 1
v 0.9408808 -0.0230989 0.3379494 0 0 0.9976723 0.06819107 0 -0.3387379 -0.06415966 0.9386907 0 1.239059 -0.2650671 3.702099 1
v 0.9378889 -0.02365791 0.3461281 0 0 0.9976723 0.06819107 0 -0.3469357 -0.06395565 0.9357058 0 1.232541 -0.2658025 3.712858 1
v 0.9348257 -0.02421512 0.3542804 0 0 0.9976723 0.06819107 0 -0.355107 -0.06374676 0.9326497 0 1.225928 -0.266534 3.72356 1
v 0.9316912 -0.02477049 0.3624057 0 0 0.9976723 0.06819107 0 -0.3632512 -0.06353302 0.9295225 0 1.219223 -0.2672615 3.734204 1
v 0.9284858 -0.02532397 0.3705034 0 0 0.9976723 0.06819107 0 -0.3713678 -0.06331444 0.9263246 0 1.212424 -0.267985 3.74479 1
v 0.9252097 -0.02587552 0.3785729 0 0 0.9976723 0.06819107 0 -0.3794562 -0.06309104 0.9230561 0 1.205533 -0.2687045 3.755316 1
v 0.9218632 -0.0264251 0.3866136 0 0 0.9976723 0.06819107 0 -0.3875156 -0.06286283 0.9197173 0 1.198551 -0.2694198 3.765781 1
v 0.9184464 -0.02697267 0.3946248 0 0 0.9976723 0.06819107 0 -0.3955455 -0.06262984 0.9163085 0 1.191477 -0.2701309 3.776185 1
v 0.9149597 -0.02751818 0.402606 0 0 0.9976723 0.06819107 0 -0.4035453 -0.06239208 0.9128299 0 1.184312 -0.2708378 3.786528 1
v 0.9114033 -0.0280616 0.4105565 0 0 0.9976723 0.06819107 0 -0.4115144 -0.06214956 0.9092818 0 1.177057 -0.2715404 3.796807 1
v 0.9077775 -0.02860289 0.4184757 0 0 0.9976723 0.06819107 0 -0.4194521 -0.06190232 0.9056644 0 1.169713 -0.2722387 3.807023 1
v 0.9040825 -0.02914199 0.4263631 0 0 0.9976723 0.06819107 0 -0.4273579 -0.06165035 0.9019781 0 1.162279 -0.2729325 3.817175 1
v 0.9003188 -0.02967887 0.434218 0 0 0.9976723 0.06819107 0 -0.4352311 -0.0613937 0.8982231 0 1.154757 -0.273622 3.827261 1
v 0.8964864 -0.0302135 0.4420398 0 0 0.9976723 0.06819107 0 -0.4430712 -0.06113237 0.8943997 0 1.147147 -0.2743069 3.837282 1
v 0.8925858 -0.03074582 0.449828 0 0 0.9976723 0.06819107 0 -0.4508775 -0.06086638 0.8905081 0 1.13945 -0.2749872 3.847236 1
v 0.8886172 -0.0312758 0.4575819 0 0 0.9976723 0.06819107 0 -0.4586496 -0.06059576 0.8865488 0 1.131666 -0.275663 3.857123 1
v 0.884581 -0.0318034 0.465301 0 0 0.9976723 0.06819107 0 -0.4663866 -0.06032052 0.8825219 0 1.123796 -0.2763341 3.866941 1
v 0.8804774 -0.03232858 0.4729847 0 0 0.9976723 0.06819107 0 -0.4740882 -0.06004069 0.8784278 0 1.11584 -0.2770005 3.876691 1
v 0.8763067 -0.0328513 0.4806323 0 0 0.9976723 0.06819107 0 -0.4817537 -0.05975629 0.8742669 0 1.107799 -0.2776621 3.886371 1
v 0.8720693 -0.03337151 0.4882433 0 0 0.9976723 0.06819107 0 -0.4893825 -0.05946734 0.8700393 0 1.099674 -0.2783189 3.89598 1
v 0.8677655 -0.03388919 0.4958171 0 0 0.9976723 0.06819107 0 -0.496974 -0.05917385 0.8657455 0 1.091465 -0.2789708 3.905519 1
v 0.8633956 -0.03440428 0.5033532 0 0 0.9976723 0.06819107 0 -0.5045276 -0.05887586 0.8613858 0 1.083173 -0.2796179 3.914985 1
v 0.8589599 -0.03491675 0.510851 0 0 0.9976723 0.06819107 0 -0.5120429 -0.05857339 0.8569605 0 1.074798 -0.28026 3.924379 1
v 0.8544588 -0.03542656 0.5183098 0 0 0.9976723 0.06819107 0 -0.5195191 -0.05826646 0.8524699 0 1.066342 -0.2808971 3.9337 1
v 0.8498927 -0.03593368 0.5257292 0 0 0.9976723 0.06819107 0 -0.5269558 -0.05795509 0.8479144 0 1.057804 -0.2815291 3.942947 1
v 0.8452618 -0.03643806 0.5331085 0 0 0.9976723 0.06819107 0 -0.5343523 -0.05763931 0.8432943 0 1.049186 -0.282156 3.952119 1
v 0.8405666 -0.03693966 0.5404473 0 0 0.9976723 0.06819107 0 -0.5417082 -0.05731913 0.83861 0 1.040488 -0.2827778 3.961216 1
v 0.8358074 -0.03743845 0.5477448 0 0 0.9976723 0.06819107 0 -0.5490228 -0.0569946 0.8338618 0 1.031711 -0.2833943 3.970236 1
v 0.8309845 -0.03793439 0.5550007 0 0 0.9976723 0.06819107 0 -0.5562956 -0.05666572 0.8290502 0 1.022855 -0.2840056 3.97918 1
v 0.8260983 -0.03842744 0.5622143 0 0 0.9976723 0.06819107 0 -0.563526 -0.05633253 0.8241754 0 1.013921 -0.2846117 3.988047 1
v 0.8211492 -0.03891757 0.5693851 0 0 0.9976723 0.06819107 0 -0.5707136 -0.05599504 0.8192378 0 1.00491 -0.2852124 3.996835 1
v 0.8161376 -0.03940473 0.5765125 0 0 0.9976723 0.06819107 0 -0.5778576 -0.05565329 0.8142379 0 0.9958225 -0.2858077 4.005545 1
v 0.8110638 -0.03988889 0.5835961 0 0 0.9976723 0.06819107 0 -0.5849577 -0.05530731 0.8091759 0 0.9866592 -0.2863975 4.014175 1
v 0.8059283 -0.04037001 0.5906351 0 0 0.9976723 0.06819107 0 -0.5920132 -0.05495711 0.8040523 0 0.9774207 -0.2869819 4.022725 1
v 0.8007314 -0.04084806 0.5976292 0 0 0.9976723 0.06819107 0 -0.5990236 -0.05460273 0.7988675 0 0.9681078 -0.2875608 4.031194 1
v 0.7954735 -0.041323 0.6045778 0 0 0.9976723 0.06819107 0 -0.6059884 -0.05424419 0.7936218 0 0.9587211 -0.2881341 4.039582 1
v 0.790155 -0.04179479 0.6114804 0 0 0.9976723 0.06819107 0 -0.6129071 -0.05388151 0.7883158 0 0.9492615 -0.2887018 4.047888 1
v 0.7847764 -0.04226339 0.6183364 0 0 0.9976723 0.06819107 0 -0.619779 -0.05351474 0.7829496 0 0.9397295 -0.2892639 4.056111 1
v 0.779338 -0.04272878 0.6251453 0 0 0.9976723 0.06819107 0 -0.6266038 -0.05314389 0.7775239 0 0.930126 -0.2898202 4.064251 1
v 0.7738402 -0.04319092 0.6319065 0 0 0.9976723 0.06819107 0 -0.6333809 -0.05276899 0.7720389 0 0.9204517 -0.2903709 4.072307 1
v 0.7682835 -0.04364976 0.6386197 0 0 0.9976723 0.06819107 0 -0.6401097 -0.05239007 0.7664952 0 0.9107073 -0.2909157 4.080278 1
v 0.7626683 -0.04410529 0.6452842 0 0 0.9976723 0.06819107 0 -0.6467898 -0.05200717 0.7608931 0 0.9008935 -0.2914547 4.088164 1
v 0.7569951 -0.04455745 0.6518996 0 0 0.9976723 0.06819107 0 -0.6534206 -0.0516203 0.755233 0 0.8910111 -0.2919879 4.095965 1
v 0.7512641 -0.04500622 0.6584654 0 0 0.9976723 0.06819107 0 -0.6600017 -0.0512295 0.7495154 0 0.8810608 -0.2925152 4.103679 1
v 0.745476 -0.04545156 0.664981 0 0 0.9976723 0.06819107 0 -0.6665325 -0.0508348 0.7437407 0 0.8710435 -0.2930365 4.111306 1
v 0.7396311 -0.04589344 0.6714459 0 0 0.9976723 0.06819107 0 -0.6730125 -0.05043623 0.7379094 0 0.8609598 -0.2935518 4.118846 1
v 0.7337299 -0.04633183 0.6778598 0 0 0.9976723 0.06819107 0 -0.6794413 -0.05003382 0.7320219 0 0.8508105 -0.2940611 4.126298 1
v 0.7277728 -0.04676669 0.684222 0 0 0.9976723 0.06819107 0 -0.6858184 -0.0496276 0.7260787 0 0.8405965 -0.2945644 4.133661 1
v 0.7217602 -0.04719798 0.6905321 0 0 0.9976723 0.06819107 0 -0.6921432 -0.0492176 0.7200802 0 0.8303184 -0.2950616 4.140935 1
v 0.7156927 -0.04762568 0.6967896 0 0 0.9976723 0.06819107 0 -0.6984153 -0.04880385 0.7140268 0 0.8199772 -0.2955526 4.148119 1
v 0.7095707 -0.04804976 0.702994 0 0 0.9976723 0.06819107 0 -0.7046342 -0.04838639 0.7079191 0 0.8095734 -0.2960375 4.155212 1
v 0.7033947 -0.04847018 0.7091449 0 0 0.9976723 0.06819107 0 -0.7107995 -0.04796524 0.7017574 0 0.799108 -0.2965161 4.162215 1
v 0.6971651 -0.0488869 0.7152418 0 0 0.9976723 0.06819107 0 -0.7169106 -0.04754043 0.6955423 0 0.7885818 -0.2969885 4.169127 1
v 0.6908824 -0.0492999 0.7212843 0 0 0.9976723 0.06819107 0 -0.7229671 -0.04711201 0.6892742 0 0.7779955 -0.2974546 4.175946 1
v 0.6845471 -0.04970915 0.7272718 0 0 0.9976723 0.06819107 0 -0.7289686 -0.04668 0.6829537 0 0.76735 -0.2979144 4.182674 1
v 0.6781597 -0.05011461 0.7332039 0 0 0.9976723 0.06819107 0 -0.7349146 -0.04624443 0.6765811 0 0.756646 -0.2983679 4.189308 1
v 0.6717206 -0.05051626 0.7390802 0 0 0.9976723 0.06819107 0 -0.7408046 -0.04580534 0.670157 0 0.7458844 -0.298815 4.195849 1
v 0.6652304 -0.05091406 0.7449002 0 0 0.9976723 0.06819107 0 -0.7466382 -0.04536277 0.6636819 0 0.735066 -0.2992556 4.202296 1
v 0.6586895 -0.05130798 0.7506635 0 0 0.9976723 0.06819107 0 -0.7524149 -0.04491674 0.6571562 0 0.7241916 -0.2996898 4.208648 1
v 0.6520984 -0.05169799 0.7563696 0 0 0.9976723 0.06819107 0 -0.7581343 -0.04446729 0.6505805 0 0.7132621 -0.3001175 4.214905 1
v 0.6454577 -0.05208407 0.7620181 0 0 0.9976723 0.06819107 0 -0.763796 -0.04401445 0.6439552 0 0.7022782 -0.3005387 4.221068 1
v 0.6387678 -0.05246618 0.7676086 0 0 0.9976723 0.06819107 0 -0.7693996 -0.04355826 0.6372809 0 0.6912409 -0.3009533 4.227134 1
v 0.6320293 -0.05284429 0.7731406 0 0 0.9976723 0.06819107 0 -0.7749445 -0.04309875 0.6305581 0 0.680151 -0.3013614 4.233104 1
v 0.6252427 -0.05321838 0.7786138 0 0 0.9976723 0.06819107 0 -0.7804304 -0.04263596 0.6237873 0 0.6690092 -0.3017628 4.238977 1
v 0.6184084 -0.05358842 0.7840276 0 0 0.9976723 0.06819107 0 -0.7858569 -0.04216993 0.6169689 0 0.6578165 -0.3021576 4.244753 1
v 0.611527 -0.05395438 0.7893818 0 0 0.9976723 0.06819107 0 -0.7912235 -0.04170068 0.6101036 0 0.6465737 -0.3025457 4.250431 1
v 0.6045991 -0.05431623 0.7946758 0 0 0.9976723 0.06819107 0 -0.7965299 -0.04122826 0.6031918 0 0.6352816 -0.3029271 4.256011 1
v 0.5976251 -0.05467394 0.7999093 0 0 0.9976723 0.06819107 0 -0.8017756 -0.0407527 0.596234 0 0.6239412 -0.3033018 4.261493 1
v 0.5906057 -0.05502749 0.8050819 0 0 0.9976723 0.06819107 0 -0.8069603 -0.04027403 0.5892309 0 0.6125533 -0.3036697 4.266876 1
v 0.5835412 -0.05537684 0.8101932 0 0 0.9976723 0.06819107 0 -0.8120835 -0.0397923 0.5821829 0 0.6011187 -0.3040308 4.272159 1
v 0.5764323 -0.05572198 0.8152428 0 0 0.9976723 0.06819107 0 -0.8171449 -0.03930754 0.5750905 0 0.5896383 -0.3043851 4.277343 1
v 0.5692795 -0.05606288 0.8202303 0 0 0.9976723 0.06819107 0 -0.822144 -0.03881978 0.5679544 0 0.578113 -0.3047325 4.282426 1
v 0.5620834 -0.05639951 0.8251554 0 0 0.9976723 0.06819107 0 -0.8270806 -0.03832907 0.560775 0 0.5665437 -0.3050731 4.287409 1
v 0.5548444 -0.05673184 0.8300176 0 0 0.9976723 0.06819107 0 -0.8319541 -0.03783543 0.5535529 0 0.5549313 -0.3054068 4.292291 1
v 0.5475632 -0.05705985 0.8348166 0 0 0.9976723 0.06819107 0 -0.8367643 -0.03733892 0.5462886 0 0.5432766 -0.3057336 4.297072 1
v 0.5402403 -0.05738352 0.839552 0 0 0.9976723 0.06819107 0 -0.8415108 -0.03683956 0.5389828 0 0.5315805 -0.3060534 4.301751 1
v 0.5328763 -0.05770282 0.8442235 0 0 0.9976723 0.06819107 0 -0.8461932 -0.0363374 0.5316359 0 0.519844 -0.3063662 4.306328 1
v 0.5254717 -0.05801772 0.8488307 0 0 0.9976723 0.06819107 0 -0.8508111 -0.03583247 0.5242485 0 0.5080678 -0.3066721 4.310803 1
v 0.518027 -0.0583282 0.8533732 0 0 0.9976723 0.06819107 0 -0.8553643 -0.03532482 0.5168212 0 0.496253 -0.3069709 4.315175 1
v 0.5105429 -0.05863424 0.8578508 0 0 0.9976723 0.06819107 0 -0.8598523 -0.03481447 0.5093545 0 0.4844004 -0.3072627 4.319443 1
v 0.5030199 -0.05893582 0.862263 0 0 0.9976723 0.06819107 0 -0.8642748 -0.03430147 0.5018491 0 0.4725109 -0.3075474 4.323609 1
v 0.4954587 -0.05923291 0.8666096 0 0 0.9976723 0.06819107 0 -0.8686315 -0.03378586 0.4943054 0 0.4605854 -0.307825 4.327671 1
v 0.4878597 -0.05952549 0.8708902 0 0 0.9976723 0.06819107 0 -0.8729221 -0.03326767 0.4867241 0 0.4486248 -0.3080956 4.331629 1
v 0.4802235 -0.05981353 0.8751044 0 0 0.9976723 0.06819107 0 -0.8771462 -0.03274695 0.4791057 0 0.4366301 -0.308359 4.335483 1
v 0.4725508 -0.06009702 0.879252 0 0 0.9976723 0.06819107 0 -0.8813035 -0.03222374 0.4714508 0 0.4246021 -0.3086152 4.339232 1
v 0.464842 -0.06037594 0.8833327 0 0 0.9976723 0.06819107 0 -0.8853936 -0.03169808 0.46376 0 0.4125418 -0.3088643 4.342876 1
v 0.4570979 -0.06065025 0.8873461 0 0 0.9976723 0.06819107 0 -0.8894164 -0.03117 0.4560339 0 0.40045 -0.3091062 4.346415 1
v 0.449319 -0.06091995 0.8912919 0 0 0.9976723 0.06819107 0 -0.8933714 -0.03063954 0.4482731 0 0.3883278 -0.3093409 4.349849 1
v 0.4415059 -0.06118501 0.8951698 0 0 0.9976723 0.06819107 0 -0.8972584 -0.03010676 0.4404782 0 0.376176 -0.3095684 4.353177 1
v 0.4336591 -0.0614454 0.8989796 0 0 0.9976723 0.06819107 0 -0.901077 -0.02957168 0.4326496 0 0.3639955 -0.3097886 4.356399 1
v 0.4257793 -0.06170112 0.9027209 0 0 0.9976723 0.06819107 0 -0.9048271 -0.02903434 0.4247882 0 0.3517873 -0.3100016 4.359515 1
v 0.4178671 -0.06195214 0.9063934 0 0 0.9976723 0.06819107 0 -0.9085082 -0.0284948 0.4168944 0 0.3395524 -0.3102073 4.362525 1
v 0.409923 -0.06219845 0.909997 0 0 0.9976723 0.06819107 0 -0.9121201 -0.02795309 0.4089688 0 0.3272915 -0.3104057 4.365427 1
v 0.4019478 -0.06244001 0.9135312 0 0 0.9976723 0.06819107 0 -0.9156626 -0.02740925 0.4010122 0 0.3150058 -0.3105968 4.368223 1
v 0.3939419 -0.06267682 0.9169958 0 0 0.9976723 0.06819107 0 -0.9191353 -0.02686332 0.3930249 0 0.3026961 -0.3107806 4.370912 1
v 0.385906 -0.06290886 0.9203907 0 0 0.9976723 0.06819107 0 -0.9225381 -0.02631535 0.3850078 0 0.2903633 -0.3109571 4.373494 1
v 0.3778408 -0.0631361 0.9237154 0 0 0.9976723 0.06819107 0 -0.9258706 -0.02576537 0.3769613 0 0.2780084 -0.3111262 4.375968 1
v 0.3697468 -0.06335854 0.9269698 0 0 0.9976723 0.06819107 0 -0.9291326 -0.02521343 0.3688861 0 0.2656323 -0.3112879 4.378335 1
v 0.3616246 -0.06357616 0.9301536 0 0 0.9976723 0.06819107 0 -0.9323238 -0.02465957 0.3607828 0 0.253236 -0.3114423 4.380594 1
v 0.3534748 -0.06378893 0.9332666 0 0 0.9976723 0.06819107 0 -0.935444 -0.02410383 0.3526521 0 0.2408204 -0.3115893 4.382744 1
v 0.3452982 -0.06399684 0.9363085 0 0 0.9976723 0.06819107 0 -0.938493 -0.02354625 0.3444944 0 0.2283865 -0.3117289 4.384787 1
v 0.3370953 -0.06419988 0.9392791 0 0 0.9976723 0.06819107 0 -0.9414705 -0.02298689 0.3363106 0 0.2159352 -0.3118611 4.386721 1
v 0.3288666 -0.06439803 0.9421781 0 0 0.9976723 0.06819107 0 -0.9443764 -0.02242577 0.3281011 0 0.2034674 -0.3119859 4.388547 1
v 0.320613 -0.06459128 0.9450054 0 0 0.9976723 0.06819107 0 -0.9472103 -0.02186294 0.3198667 0 0.1909842 -0.3121033 4.390264 1
v 0.3123349 -0.06477961 0.9477608 0 0 0.9976723 0.06819107 0 -0.9499721 -0.02129845 0.3116079 0 0.1784863 -0.3122132 4.391872 1
v 0.3040331 -0.064963 0.950444 0 0 0.9976723 0.06819107 0 -0.9526615 -0.02073234 0.3033254 0 0.165975 -0.3123157 4.393372 1
v 0.2957081 -0.06514145 0.9530547 0 0 0.9976723 0.06819107 0 -0.9552784 -0.02016465 0.2950197 0 0.1534509 -0.3124107 4.394762 1
v 0.2873605 -0.06531494 0.955593 0 0 0.9976723 0.06819107 0 -0.9578225 -0.01959542 0.2866916 0 0.1409152 -0.3124983 4.396044 1
v 0.2789911 -0.06548345 0.9580584 0 0 0.9976723 0.06819107 0 -0.9602937 -0.0190247 0.2783417 0 0.1283688 -0.3125785 4.397216 1
v 0.2706004 -0.06564698 0.9604509 0 0 0.9976723 0.06819107 0 -0.9626917 -0.01845253 0.2699706 0 0.1158125 -0.3126511 4.398279 1
v 0.2621892 -0.06580551 0.9627702 0 0 0.9976723 0.06819107 0 -0.9650165 -0.01787896 0.2615789 0 0.1032475 -0.3127163 4.399233 1
v 0.2537579 -0.06595902 0.9650162 0 0 0.9976723 0.06819107 0 -0.9672678 -0.01730403 0.2531673 0 0.09067457 -0.312774 4.400077 1
v 0.2453074 -0.06610751 0.9671888 0 0 0.9976723 0.06819107 0 -0.9694453 -0.01672777 0.2447364 0 0.07809476 -0.3128242 4.400812 1
v 0.2368381 -0.06625097 0.9692876 0 0 0.9976723 0.06819107 0 -0.9715491 -0.01615025 0.2362869 0 0.065509 -0.3128669 4.401437 1
v 0.2283509 -0.06638939 0.9713127 0 0 0.9976723 0.06819107 0 -0.9735789 -0.01557149 0.2278193 0 0.05291825 -0.3129022 4.401952 1
v 0.2198462 -0.06652274 0.9732638 0 0 0.9976723 0.06819107 0 -0.9755345 -0.01499155 0.2193345 0 0.04032347 -0.3129299 4.402358 1
v 0.2113248 -0.06665103 0.9751407 0 0 0.9976723 0.06819107 0 -0.9774159 -0.01441046 0.2108329 0 0.02772562 -0.3129502 4.402654 1
v 0.2027873 -0.06677425 0.9769435 0 0 0.9976723 0.06819107 0 -0.9792228 -0.01382828 0.2023153 0 0.01512566 -0.3129629 4.402841 1
v 0.1942344 -0.06689238 0.9786718 0 0 0.9976723 0.06819107 0 -0.9809552 -0.01324505 0.1937822 0 0.002524542 -0.3129682 4.402918 1
v 0.1856666 -0.06700542 0.9803255 0 0 0.9976723 0.06819107 0 -0.9826128 -0.0126608 0.1852344 0 -0.01007676 -0.3129659 4.402885 1
v 0.1770847 -0.06711335 0.9819047 0 0 0.9976723 0.06819107 0 -0.9841956 -0.0120756 0.1766725 0 -0.0226773 -0.3129562 4.402742 1
v 0.1684894 -0.06721617 0.983409 0 0 0.9976723 0.06819107 0 -0.9857035 -0.01148947 0.1680972 0 -0.03527611 -0.3129389 4.40249 1
v 0.1598812 -0.06731388 0.9848385 0 0 0.9976723 0.06819107 0 -0.9871363 -0.01090247 0.159509 0 -0.04787224 -0.3129142 4.402128 1
v 0.1512608 -0.06740645 0.9861929 0 0 0.9976723 0.06819107 0 -0.9884939 -0.01031464 0.1509087 0 -0.06046472 -0.312882 4.401656 1
v 0.1426289 -0.0674939 0.9874723 0 0 0.9976723 0.06819107 0 -0.9897762 -0.009726019 0.1422969 0 -0.07305259 -0.3128422 4.401075 1
v 0.1339862 -0.0675762 0.9886765 0 0 0.9976723 0.06819107 0 -0.9909832 -0.009136661 0.1336743 0 -0.0856349 -0.312795 4.400384 1
v 0.1253332 -0.06765336 0.9898053 0 0 0.9976723 0.06819107 0 -0.9921147 -0.008546607 0.1250415 0 -0.0982107 -0.3127403 4.399584 1
v 0.1166707 -0.06772537 0.9908588 0 0 0.9976723 0.06819107 0 -0.9931706 -0.007955902 0.1163992 0 -0.110779 -0.3126781 4.398674 1
v 0.1079994 -0.06779222 0.9918369 0 0 0.9976723 0.06819107 0 -0.994151 -0.007364591 0.107748 0 -0.1233389 -0.3126085 4.397655 1
v 0.09931975 -0.0678539 0.9927394 0 0 0.9976723 0.06819107 0 -0.9950556 -0.00677272 0.09908856 0 -0.1358894 -0.3125313 4.396527 1
v 0.09063258 -0.06791042 0.9935663 0 0 0.9976723 0.06819107 0 -0.9958844 -0.006180332 0.09042161 0 -0.1484295 -0.3124467 4.395289 1
v 0.08193851 -0.06796177 0.9943175 0 0 0.9976723 0.06819107 0 -0.9966374 -0.005587474 0.08174778 0 -0.1609583 -0.3123547 4.393942 1
v 0.0732382 -0.06800794 0.994993 0 0 0.9976723 0.06819107 0 -0.9973145 -0.004994191 0.07306772 0 -0.1734749 -0.3122552 4.392486 1
v 0.06453231 -0.06804893 0.9955928 0 0 0.9976723 0.06819107 0 -0.9979156 -0.004400527 0.0643821 0 -0.1859783 -0.3121482 4.390922 1
v 0.0558215 -0.06808474 0.9961167 0 0 0.9976723 0.06819107 0 -0.9984408 -0.003806528 0.05569157 0 -0.1984675 -0.3120338 4.389248 1
v 0.04710645 -0.06811537 0.9965647 0 0 0.9976723 0.06819107 0 -0.9988899 -0.003212239 0.0469968 0 -0.2109415 -0.311912 4.387466 1
v 0.03838781 -0.06814081 0.9969369 0 0 0.9976723 0.06819107 0 -0.9992629 -0.002617706 0.03829845 0 -0.2233996 -0.3117828 4.385575 1
v 0.02966624 -0.06816105 0.9972332 0 0 0.9976723 0.06819107 0 -0.9995599 -0.002022973 0.02959719 0 -0.2358406 -0.3116461 4.383576 1
v 0.02094242 -0.06817611 0.9974535 0 0 0.9976723 0.06819107 0 -0.9997807 -0.001428086 0.02089367 0 -0.2482636 -0.3115021 4.381468 1
v 0.012217 -0.06818598 0.9975978 0 0 0.9976723 0.06819107 0 -0.9999254 -0.0008330903 0.01218856 0 -0.2606678 -0.3113507 4.379253 1
v 0.003490651 -0.06819065 0.9976662 0 0 0.9976723 0.06819107 0 -0.9999939 -0.0002380312 0.003482526 0 -0.2730521 -0.3111919 4.37693 1
v -0.005235964 -0.06819013 0.9976586 0 -0 0.9976723 0.06819107 0 -0.9999863 0.000357046 -0.005223776 0 -0.2854155 -0.3110257 4.374498 1
v -0.01396218 -0.06818442 0.997575 0 -0 0.9976723 0.06819107 0 -0.9999025 0.000952096 -0.01392968 0 -0.2977573 -0.3108522 4.37196 1
v -0.02268733 -0.06817352 0.9974155 0 -0 0.9976723 0.06819107 0 -0.9997426 0.001547074 -0.02263452 0 -0.3100764 -0.3106713 4.369314 1
v -0.03141076 -0.06815742 0.99718 0 -0 0.9976723 0.06819107 0 -0.9995066 0.002141933 -0.03133764 0 -0.3223719 -0.3104831 4.366561 1
v -0.04013179 -0.06813613 0.9968686 0 -0 0.9976723 0.06819107 0 -0.9991944 0.00273663 -0.04003838 0 -0.3346428 -0.3102877 4.3637 1
v -0.04884977 -0.06810966 0.9964812 0 -0 0.9976723 0.06819107 0 -0.9988061 0.003331118 -0.04873606 0 -0.3468882 -0.3100849 4.360734 1
v -0.05756403 -0.06807799 0.996018 0 -0 0.9976723 0.06819107 0 -0.9983418 0.003925352 -0.05743003 0 -0.3591073 -0.3098748 4.35766 1
v -0.0662739 -0.06804115 0.9954789 0 -0 0.9976723 0.06819107 0 -0.9978015 0.004519288 -0.06611963 0 -0.3712989 -0.3096575 4.354481 1
v -0.07497873 -0.06799912 0.994864 0 -0 0.9976723 0.06819107 0 -0.9971851 0.005112879 -0.0748042 0 -0.3834623 -0.3094329 4.351195 1
v -0.08367784 -0.06795191 0.9941733 0 -0 0.9976723 0.06819107 0 -0.9964929 0.005706082 -0.08348306 0 -0.3955965 -0.3092011 4.347804 1
v -0.09237059 -0.06789953 0.9934069 0 -0 0.9976723 0.06819107 0 -0.9957247 0.006298849 -0.09215557 0 -0.4077006 -0.3089621 4.344307 1
v -0.1010563 -0.06784198 0.9925649 0 -0 0.9976723 0.06819107 0 -0.9948807 0.006891137 -0.1008211 0 -0.4197736 -0.3087159 4.340705 1
v -0.1097343 -0.06777926 0.9916473 0 -0 0.9976723 0.06819107 0 -0.993961 0.0074829 -0.1094789 0 -0.4318147 -0.3084625 4.336997 1
v -0.118404 -0.06771138 0.9906542 0 -0 0.9976723 0.06819107 0 -0.9929655 0.008074093 -0.1181284 0 -0.4438228 -0.308202 4.333186 1
v -0.1270646 -0.06763834 0.9895856 0 -0 0.9976723 0.06819107 0 -0.9918944 0.008664671 -0.1267688 0 -0.4557972 -0.3079343 4.329269 1
v -0.1357156 -0.06756015 0.9884417 0 -0 0.9976723 0.06819107 0 -0.9907478 0.00925459 -0.1353997 0 -0.4677369 -0.3076595 4.325249 1
v -0.1443562 -0.06747682 0.9872225 0 -0 0.9976723 0.06819107 0 -0.9895258 0.009843804 -0.1440202 0 -0.4796409 -0.3073776 4.321125 1
v -0.1529858 -0.06738835 0.9859281 0 -0 0.9976723 0.06819107 0 -0.9882284 0.01043227 -0.1526297 0 -0.4915084 -0.3070887 4.316897 1
v -0.1616038 -0.06729475 0.9845586 0 -0 0.9976723 0.06819107 0 -0.9868557 0.01101994 -0.1612277 0 -0.5033385 -0.3067927 4.312567 1
v -0.1702095 -0.06719602 0.9831141 0 -0 0.9976723 0.06819107 0 -0.9854079 0.01160677 -0.1698133 0 -0.5151303 -0.3064896 4.308133 1
v -0.1788022 -0.06709217 0.9815948 0 -0 0.9976723 0.06819107 0 -0.983885 0.01219271 -0.178386 0 -0.5268828 -0.3061796 4.303597 1
v -0.1873813 -0.06698322 0.9800008 0 -0 0.9976723 0.06819107 0 -0.9822873 0.01277773 -0.1869451 0 -0.5385952 -0.3058625 4.298959 1
v -0.1959461 -0.06686916 0.9783321 0 -0 0.9976723 0.06819107 0 -0.9806147 0.01336178 -0.19549 0 -0.5502666 -0.3055386 4.294219 1
v -0.2044961 -0.06675001 0.9765889 0 -0 0.9976723 0.06819107 0 -0.9788674 0.0139448 -0.20402 0 -0.561896 -0.3052077 4.289377 1
v -0.2130304 -0.06662578 0.9747713 0 -0 0.9976723 0.06819107 0 -0.9770456 0.01452677 -0.2125345 0 -0.5734827 -0.3048698 4.284435 1
v -0.2215485 -0.06649648 0.9728795 0 -0 0.9976723 0.06819107 0 -0.9751494 0.01510763 -0.2210328 0 -0.5850257 -0.3045251 4.279391 1
v -0.2300497 -0.06636211 0.9709136 0 -0 0.9976723 0.06819107 0 -0.9731789 0.01568734 -0.2295142 0 -0.5965242 -0.3041736 4.274248 1
v -0.2385335 -0.06622268 0.9688738 0 -0 0.9976723 0.06819107 0 -0.9711343 0.01626585 -0.2379782 0 -0.6079772 -0.3038152 4.269005 1
v -0.246999 -0.06607822 0.9667601 0 -0 0.9976723 0.06819107 0 -0.9690157 0.01684313 -0.2464241 0 -0.619384 -0.30345 4.263662 1
v -0.2554458 -0.06592872 0.9645729 0 -0 0.9976723 0.06819107 0 -0.9668234 0.01741912 -0.2548512 0 -0.6307435 -0.303078 4.25822 1
v -0.263873 -0.0657742 0.9623122 0 -0 0.9976723 0.06819107 0 -0.9645574 0.01799379 -0.2632588 0 -0.6420551 -0.3026993 4.252679 1
v -0.2722802 -0.06561467 0.9599782 0 -0 0.9976723 0.06819107 0 -0.962218 0.01856708 -0.2716465 0 -0.6533177 -0.3023139 4.24704 1
v -0.2806667 -0.06545015 0.9575711 0 -0 0.9976723 0.06819107 0 -0.9598053 0.01913896 -0.2800134 0 -0.6645306 -0.3019218 4.241303 1
v -0.2890318 -0.06528064 0.9550911 0 -0 0.9976723 0.06819107 0 -0.9573195 0.01970939 -0.288359 0 -0.6756929 -0.301523 4.235469 1
v -0.2973749 -0.06510616 0.9525384 0 -0 0.9976723 0.06819107 0 -0.9547608 0.02027831 -0.2966827 0 -0.6868037 -0.3011176 4.229537 1
v -0.3056953 -0.06492672 0.9499131 0 -0 0.9976723 0.06819107 0 -0.9521294 0.02084569 -0.3049837 0 -0.6978622 -0.3007056 4.22351 1
v -0.3139925 -0.06474234 0.9472155 0 -0 0.9976723 0.06819107 0 -0.9494255 0.02141148 -0.3132616 0 -0.7088676 -0.300287 4.217386 1
v -0.3222657 -0.06455302 0.9444457 0 -0 0.9976723 0.06819107 0 -0.9466493 0.02197564 -0.3215156 0 -0.719819 -0.2998619 4.211167 1
v -0.3305144 -0.0643588 0.941604 0 -0 0.9976723 0.06819107 0 -0.943801 0.02253813 -0.329745 0 -0.7307156 -0.2994304 4.204852 1
v -0.3387379 -0.06415966 0.9386907 0 -0 0.9976723 0.06819107 0 -0.9408808 0.0230989 -0.3379494 0 -0.7415565 -0.2989923 4.198443 1
v -0.3469357 -0.06395565 0.9357058 0 -0 0.9976723 0.06819107 0 -0.9378889 0.02365791 -0.3461281 0 -0.7523409 -0.2985478 4.19194 1
v -0.355107 -0.06374676 0.9326497 0 -0 0.9976723 0.06819107 0 -0.9348257 0.02421512 -0.3542804 0 -0.7630681 -0.2980969 4.185343 1
v -0.3632512 -0.06353302 0.9295225 0 -0 0.9976723 0.06819107 0 -0.9316912 0.02477049 -0.3624057 0 -0.7737372 -0.2976396 4.178653 1
v -0.3713678 -0.06331444 0.9263246 0 -0 0.9976723 0.06819107 0 -0.9284858 0.02532397 -0.3705034 0 -0.7843473 -0.297176 4.17187 1
v -0.3794562 -0.06309104 0.9230561 0 -0 0.9976723 0.06819107 0 -0.9252097 0.02587552 -0.3785729 0 -0.7948977 -0.2967061 4.164996 1
v -0.3875156 -0.06286283 0.9197173 0 -0 0.9976723 0.06819107 0 -0.9218632 0.0264251 -0.3866136 0 -0.8053875 -0.29623 4.158029 1
v -0.3955455 -0.06262984 0.9163085 0 -0 0.9976723 0.06819107 0 -0.9184464 0.02697267 -0.3946248 0 -0.8158161 -0.2957476 4.150972 1
v -0.4035453 -0.06239208 0.9128299 0 -0 0.9976723 0.06819107 0 -0.9149597 0.02751818 -0.402606 0 -0.8261825 -0.2952591 4.143824 1
v -0.4115144 -0.06214956 0.9092818 0 -0 0.9976723 0.06819107 0 -0.9114033 0.0280616 -0.4105565 0 -0.836486 -0.2947643 4.136586 1
v -0.4194521 -0.06190232 0.9056644 0 -0 0.9976723 0.06819107 0 -0.9077775 0.02860289 -0.4184757 0 -0.8467257 -0.2942635 4.129259 1
v -0.4273579 -0.06165035 0.9019781 0 -0 0.9976723 0.06819107 0 -0.9040825 0.02914199 -0.4263631 0 -0.856901 -0.2937566 4.121842 1
v -0.4352311 -0.0613937 0.8982231 0 -0 0.9976723 0.06819107 0 -0.9003188 0.02967887 -0.434218 0 -0.8670111 -0.2932437 4.114338 1
v -0.4430712 -0.06113237 0.8943997 0 -0 0.9976723 0.06819107 0 -0.8964864 0.0302135 -0.4420398 0 -0.8770551 -0.2927248 4.106746 1
v -0.4508775 -0.06086638 0.8905081 0 -0 0.9976723 0.06819107 0 -0.8925858 0.03074582 -0.449828 0 -0.8870323 -0.2921999 4.099066 1
v -0.4586496 -0.06059576 0.8865488 0 -0 0.9976723 0.06819107 0 -0.8886172 0.0312758 -0.4575819 0 -0.896942 -0.2916691 4.0913 1
v -0.4663866 -0.06032052 0.8825219 0 -0 0.9976723 0.06819107 0 -0.884581 0.0318034 -0.465301 0 -0.9067834 -0.2911324 4.083448 1
v -0.4740882 -0.06004069 0.8784278 0 -0 0.9976723 0.06819107 0 -0.8804774 0.03232858 -0.4729847 0 -0.9165557 -0.2905899 4.075511 1
v -0.4817537 -0.05975629 0.8742669 0 -0 0.9976723 0.06819107 0 -0.8763067 0.0328513 -0.4806323 0 -0.9262582 -0.2900415 4.067489 1
v -0.4893825 -0.05946734 0.8700393 0 -0 0.9976723 0.06819107 0 -0.8720693 0.03337151 -0.4882433 0 -0.9358902 -0.2894875 4.059382 1
v -0.496974 -0.05917385 0.8657455 0 -0 0.9976723 0.06819107 0 -0.8677655 0.03388919 -0.4958171 0 -0.9454509 -0.2889277 4.051193 1
v -0.5045276 -0.05887586 0.8613858 0 -0 0.9976723 0.06819107 0 -0.8633956 0.03440428 -0.5033532 0 -0.9549396 -0.2883623 4.04292 1
v -0.5120429 -0.05857339 0.8569605 0 -0 0.9976723 0.06819107 0 -0.8589599 0.03491675 -0.510851 0 -0.9643556 -0.2877912 4.034565 1
v -0.5195191 -0.05826646 0.8524699 0 -0 0.9976723 0.06819107 0 -0.8544588 0.03542656 -0.5183098 0 -0.9736981 -0.2872145 4.026128 1
v -0.5269558 -0.05795509 0.8479144 0 -0 0.9976723 0.06819107 0 -0.8498927 0.03593368 -0.5257292 0 -0.9829665 -0.2866323 4.01761 1
v -0.5343523 -0.05763931 0.8432943 0 -0 0.9976723 0.06819107 0 -0.8452618 0.03643806 -0.5331085 0 -0.9921601 -0.2860447 4.009012 1
v -0.5417082 -0.05731913 0.83861 0 -0 0.9976723 0.06819107 0 -0.8405666 0.03693966 -0.5404473 0 -1.001278 -0.2854515 4.000334 1
v -0.5490228 -0.0569946 0.8338618 0 -0 0.9976723 0.06819107 0 -0.8358074 0.03743845 -0.5477448 0 -1.01032 -0.284853 3.991578 1
v -0.5562956 -0.05666572 0.8290502 0 -0 0.9976723 0.06819107 0 -0.8309845 0.03793439 -0.5550007 0 -1.019285 -0.2842491 3.982742 1
v -0.563526 -0.05633253 0.8241754 0 -0 0.9976723 0.06819107 0 -0.8260983 0.03842744 -0.5622143 0 -1.028172 -0.2836399 3.973829 1
v -0.5707136 -0.05599504 0.8192378 0 -0 0.9976723 0.06819107 0 -0.8211492 0.03891757 -0.5693851 0 -1.036981 -0.2830254 3.964839 1
v -0.5778576 -0.05565329 0.8142379 0 -0 0.9976723 0.06819107 0 -0.8161376 0.03940473 -0.5765125 0 -1.045711 -0.2824057 3.955773 1
v -0.5849577 -0.05530731 0.8091759 0 -0 0.9976723 0.06819107 0 -0.8110638 0.03988889 -0.5835961 0 -1.054361 -0.2817809 3.946631 1
v -0.5920132 -0.05495711 0.8040523 0 -0 0.9976723 0.06819107 0 -0.8059283 0.04037001 -0.5906351 0 -1.062931 -0.2811509 3.937414 1
v -0.5990236 -0.05460273 0.7988675 0 -0 0.9976723 0.06819107 0 -0.8007314 0.04084806 -0.5976292 0 -1.07142 -0.2805158 3.928123 1
v -0.6059884 -0.05424419 0.7936218 0 -0 0.9976723 0.06819107 0 -0.7954735 0.041323 -0.6045778 0 -1.079827 -0.2798758 3.918758 1
v -0.6129071 -0.05388151 0.7883158 0 -0 0.9976723 0.06819107 0 -0.790155 0.04179479 -0.6114804 0 -1.088152 -0.2792307 3.90932 1
v -0.619779 -0.05351474 0.7829496 0 -0 0.9976723 0.06819107 0 -0.7847764 0.04226339 -0.6183364 0 -1.096395 -0.2785807 3.89981 1
v -0.6266038 -0.05314389 0.7775239 0 -0 0.9976723 0.06819107 0 -0.779338 0.04272878 -0.6251453 0 -1.104554 -0.2779258 3.890229 1
v -0.6333809 -0.05276899 0.7720389 0 -0 0.9976723 0.06819107 0 -0.7738402 0.04319092 -0.6319065 0 -1.112628 -0.2772661 3.880578 1
v -0.6401097 -0.05239007 0.7664952 0 -0 0.9976723 0.06819107 0 -0.7682835 0.04364976 -0.6386197 0 -1.120618 -0.2766016 3.870856 1
v -0.6467898 -0.05200717 0.7608931 0 -0 0.9976723 0.06819107 0 -0.7626683 0.04410529 -0.6452842 0 -1.128523 -0.2759324 3.861065 1
v -0.6534206 -0.0516203 0.755233 0 -0 0.9976723 0.06819107 0 -0.7569951 0.04455745 -0.6518996 0 -1.136342 -0.2752585 3.851205 1
v -0.6600017 -0.0512295 0.7495154 0 -0 0.9976723 0.06819107 0 -0.7512641 0.04500622 -0.6584654 0 -1.144074 -0.27458 3.841278 1
v -0.6665325 -0.0508348 0.7437407 0 -0 0.9976723 0.06819107 0 -0.745476 0.04545156 -0.664981 0 -1.151719 -0.2738969 3.831284 1
v -0.6730125 -0.05043623 0.7379094 0 -0 0.9976723 0.06819107 0 -0.7396311 0.04589344 -0.6714459 0 -1.159276 -0.2732093 3.821224 1
v -0.6794413 -0.05003382 0.7320219 0 -0 0.9976723 0.06819107 0 -0.7337299 0.04633183 -0.6778598 0 -1.166745 -0.2725172 3.811098 1
v -0.6858184 -0.0496276 0.7260787 0 -0 0.9976723 0.06819107 0 -0.7277728 0.04676669 -0.684222 0 -1.174125 -0.2718207 3.800908 1
v -0.6921432 -0.0492176 0.7200802 0 -0 0.9976723 0.06819107 0 -0.7217602 0.04719798 -0.6905321 0 -1.181416 -0.2711198 3.790654 1
v -0.6984153 -0.04880385 0.7140268 0 -0 0.9976723 0.06819107 0 -0.7156927 0.04762568 -0.6967896 0 -1.188617 -0.2704147 3.780337 1
v -0.7046342 -0.04838639 0.7079191 0 -0 0.9976723 0.06819107 0 -0.7095707 0.04804976 -0.702994 0 -1.195727 -0.2697052 3.769957 1
v -0.7107995 -0.04796524 0.7017574 0 -0 0.9976723 0.06819107 0 -0.7033947 0.04847018 -0.7091449 0 -1.202747 -0.2689916 3.759516 1
v -0.7169106 -0.04754043 0.6955423 0 -0 0.9976723 0.06819107 0 -0.6971651 0.0488869 -0.7152418 0 -1.209674 -0.2682738 3.749015 1
v -0.7229671 -0.04711201 0.6892742 0 -0 0.9976723 0.06819107 0 -0.6908824 0.0492999 -0.7212843 0 -1.21651 -0.2675519 3.738453 1
v -0.7289686 -0.04668 0.6829537 0 -0 0.9976723 0.06819107 0 -0.6845471 0.04970915 -0.7272718 0 -1.223253 -0.266826 3.727832 1
v -0.7349146 -0.04624443 0.6765811 0 -0 0.9976723 0.06819107 0 -0.6781597 0.05011461 -0.7332039 0 -1.229902 -0.266096 3.717153 1
v -0.7408046 -0.04580534 0.670157 0 -0 0.9976723 0.06819107 0 -0.6717206 0.05051626 -0.7390802 0 -1.236458 -0.2653622 3.706417 1
v -0.7466382 -0.04536277 0.6636819 0 -0 0.9976723 0.06819107 0 -0.6652304 0.05091406 -0.7449002 0 -1.24292 -0.2646245 3.695623 1
v -0.7524149 -0.04491674 0.6571562 0 -0 0.9976723 0.06819107 0 -0.6586895 0.05130798 -0.7506635 0 -1.249288 -0.2638829 3.684774 1
