# generated by tools/sample_orbit_path.py
# orbit_json: tools/benchmark_path_sloth.json
# frames: 720  span_deg: -360.000  az_start: -101.750
# notes: Orbit inferred from a single calibrated pose by orbit_from_pose.py. look_at source: closest-point-on-ray-to-origin. camera_y / radius come from the anchor pose; axis snapped to +Y.
fov_half_rad: 0.602139
ply: data/sloth.ply
v 0.9790455 -0.0884712 0.1834198 0 0 0.9006982 0.4344452 0 -0.2036418 -0.4253417 0.8818245 0 0.4483928 -3.110879 3.07983 1
v 0.9772311 -0.09217959 0.1911081 0 0 0.9006982 0.4344452 0 -0.2121777 -0.4245534 0.8801903 0 0.4365818 -3.112557 3.083308 1
v 0.9753423 -0.09588096 0.1987818 0 0 0.9006982 0.4344452 0 -0.2206975 -0.4237328 0.8784891 0 0.4247375 -3.11419 3.086693 1
v 0.9733793 -0.09957503 0.2064404 0 0 0.9006982 0.4344452 0 -0.2292004 -0.42288 0.876721 0 0.4128609 -3.115777 3.089985 1
v 0.9713421 -0.1032615 0.2140833 0 0 0.9006982 0.4344452 0 -0.2376859 -0.4219949 0.8748861 0 0.4009528 -3.11732 3.093183 1
v 0.9692309 -0.1069401 0.2217099 0 0 0.9006982 0.4344452 0 -0.2461533 -0.4210778 0.8729846 0 0.3890142 -3.118817 3.096288 1
v 0.9670459 -0.1106106 0.2293195 0 0 0.9006982 0.4344452 0 -0.254602 -0.4201285 0.8710166 0 0.3770459 -3.12027 3.099299 1
v 0.9647873 -0.1142727 0.2369118 0 0 0.9006982 0.4344452 0 -0.2630312 -0.4191473 0.8689822 0 0.365049 -3.121676 3.102215 1
v 0.9624552 -0.117926 0.244486 0 0 0.9006982 0.4344452 0 -0.2714405 -0.4181341 0.8668817 0 0.3530242 -3.123038 3.105037 1
v 0.9600498 -0.1215704 0.2520415 0 0 0.9006982 0.4344452 0 -0.279829 -0.4170891 0.8647152 0 0.3409726 -3.124353 3.107765 1
v 0.9575714 -0.1252055 0.2595779 0 0 0.9006982 0.4344452 0 -0.2881963 -0.4160123 0.8624828 0 0.328895 -3.125623 3.110397 1
v 0.9550199 -0.1288311 0.2670945 0 0 0.9006982 0.4344452 0 -0.2965416 -0.4149039 0.8601848 0 0.3167923 -3.126847 3.112935 1
v 0.9523958 -0.1324469 0.2745908 0 0 0.9006982 0.4344452 0 -0.3048643 -0.4137638 0.8578212 0 0.3046656 -3.128025 3.115377 1
v 0.9496991 -0.1360525 0.2820661 0 0 0.9006982 0.4344452 0 -0.3131638 -0.4125923 0.8553923 0 0.2925156 -3.129157 3.117724 1
v 0.9469301 -0.1396479 0.28952 0 0 0.9006982 0.4344452 0 -0.3214395 -0.4113893 0.8528983 0 0.2803433 -3.130243 3.119975 1
v 0.944089 -0.1432325 0.2969518 0 0 0.9006982 0.4344452 0 -0.3296907 -0.410155 0.8503393 0 0.2681497 -3.131283 3.122131 1
v 0.941176 -0.1468063 0.304361 0 0 0.9006982 0.4344452 0 -0.3379167 -0.4088894 0.8477156 0 0.2559357 -3.132276 3.124191 1
v 0.9381913 -0.1503689 0.311747 0 0 0.9006982 0.4344452 0 -0.3461171 -0.4075928 0.8450273 0 0.2437022 -3.133223 3.126154 1
v 0.9351352 -0.1539201 0.3191093 0 0 0.9006982 0.4344452 0 -0.3542911 -0.406265 0.8422746 0 0.2314501 -3.134124 3.128022 1
v 0.9320079 -0.1574595 0.3264473 0 0 0.9006982 0.4344452 0 -0.3624381 -0.4049064 0.8394578 0 0.2191804 -3.134978 3.129793 1
v 0.9288095 -0.1609869 0.3337605 0 0 0.9006982 0.4344452 0 -0.3705575 -0.4035169 0.8365771 0 0.206894 -3.135786 3.131467 1
v 0.9255405 -0.1645021 0.3410482 0 0 0.9006982 0.4344452 0 -0.3786486 -0.4020967 0.8336327 0 0.1945919 -3.136547 3.133045 1
v 0.922201 -0.1680047 0.3483099 0 0 0.9006982 0.4344452 0 -0.386711 -0.4006458 0.8306248 0 0.1822749 -3.137261 3.134526 1
v 0.9187912 -0.1714946 0.3555451 0 0 0.9006982 0.4344452 0 -0.3947439 -0.3991645 0.8275536 0 0.1699441 -3.137929 3.13591 1
v 0.9153115 -0.1749714 0.3627533 0 0 0.9006982 0.4344452 0 -0.4027467 -0.3976527 0.8244194 0 0.1576003 -3.13855 3.137198 1
v 0.911762 -0.1784349 0.3699338 0 0 0.9006982 0.4344452 0 -0.4107189 -0.3961107 0.8212225 0 0.1452445 -3.139124 3.138388 1
v 0.9081432 -0.1818847 0.3770861 0 0 0.9006982 0.4344452 0 -0.4186598 -0.3945385 0.817963 0 0.1328777 -3.139651 3.139481 1
v 0.9044551 -0.1853208 0.3842097 0 0 0.9006982 0.4344452 0 -0.4265688 -0.3929362 0.8146412 0 0.1205007 -3.140132 3.140477 1
v 0.9006982 -0.1887427 0.3913041 0 0 0.9006982 0.4344452 0 -0.4344453 -0.3913041 0.8112573 0 0.1081145 -3.140565 3.141375 1
v 0.8968727 -0.1921502 0.3983687 0 0 0.9006982 0.4344452 0 -0.4422887 -0.3896421 0.8078117 0 0.09572017 -3.140951 3.142176 1
v 0.8929789 -0.1955431 0.4054029 0 0 0.9006982 0.4344452 0 -0.4500985 -0.3879505 0.8043046 0 0.0833185 -3.141291 3.14288 1
v 0.8890171 -0.1989212 0.4124062 0 0 0.9006982 0.4344452 0 -0.4578739 -0.3862293 0.8007362 0 0.07091049 -3.141583 3.143486 1
v 0.8849876 -0.202284 0.4193782 0 0 0.9006982 0.4344452 0 -0.4656145 -0.3844787 0.7971068 0 0.05849707 -3.141829 3.143995 1
v 0.8808907 -0.2056315 0.4263182 0 0 0.9006982 0.4344452 0 -0.4733197 -0.3826988 0.7934167 0 0.04607921 -3.142027 3.144406 1
v 0.8767267 -0.2089633 0.4332258 0 0 0.9006982 0.4344452 0 -0.4809888 -0.3808898 0.7896662 0 0.03365783 -3.142178 3.144719 1
v 0.872496 -0.2122792 0.4401003 0 0 0.9006982 0.4344452 0 -0.4886213 -0.3790517 0.7858556 0 0.02123389 -3.142282 3.144935 1
v 0.8681988 -0.2155789 0.4469414 0 0 0.9006982 0.4344452 0 -0.4962165 -0.3771848 0.7819851 0 0.008808333 -3.142339 3.145053 1
v 0.8638355 -0.2188622 0.4537484 0 0 0.9006982 0.4344452 0 -0.503774 -0.3752892 0.7780551 0 -0.003617895 -3.142349 3.145073 1
v 0.8594064 -0.2221289 0.4605208 0 0 0.9006982 0.4344452 0 -0.5112931 -0.373365 0.7740658 0 -0.01604385 -3.142311 3.144996 1
v 0.8549119 -0.2253786 0.4672582 0 0 0.9006982 0.4344452 0 -0.5187733 -0.3714124 0.7700176 0 -0.02846858 -3.142227 3.144821 1
v 0.8503522 -0.2286111 0.47396 0 0 0.9006982 0.4344452 0 -0.5262139 -0.3694315 0.7659107 0 -0.04089114 -3.142096 3.144548 1
v 0.8457278 -0.2318263 0.4806257 0 0 0.9006982 0.4344452 0 -0.5336145 -0.3674224 0.7617456 0 -0.05331059 -3.141917 3.144178 1
v 0.841039 -0.2350238 0.4872548 0 0 0.9006982 0.4344452 0 -0.5409745 -0.3653854 0.7575224 0 -0.06572598 -3.141691 3.14371 1
v 0.8362861 -0.2382034 0.4938468 0 0 0.9006982 0.4344452 0 -0.5482932 -0.3633205 0.7532415 0 -0.07813636 -3.141419 3.143145 1
v 0.8314696 -0.2413649 0.5004011 0 0 0.9006982 0.4344452 0 -0.5555703 -0.361228 0.7489032 0 -0.09054079 -3.141099 3.142482 1
v 0.8265897 -0.2445079 0.5069174 0 0 0.9006982 0.4344452 0 -0.5628049 -0.359108 0.7445079 0 -0.1029383 -3.140732 3.141722 1
v 0.8216469 -0.2476324 0.5133951 0 0 0.9006982 0.4344452 0 -0.5699968 -0.3569606 0.7400559 0 -0.115328 -3.140318 3.140864 1
v 0.8166415 -0.250738 0.5198337 0 0 0.9006982 0.4344452 0 -0.5771452 -0.354786 0.7355476 0 -0.1277089 -3.139858 3.139909 1
v 0.811574 -0.2538245 0.5262327 0 0 0.9006982 0.4344452 0 -0.5842497 -0.3525845 0.7309832 0 -0.1400801 -3.13935 3.138856 1
v 0.8064446 -0.2568917 0.5325916 0 0 0.9006982 0.4344452 0 -0.5913097 -0.350356 0.7263632 0 -0.1524407 -3.138796 3.137707 1
v 0.8012538 -0.2599393 0.5389099 0 0 0.9006982 0.4344452 0 -0.5983246 -0.3481009 0.7216879 0 -0.1647896 -3.138194 3.13646 1
v 0.796002 -0.2629671 0.5451872 0 0 0.9006982 0.4344452 0 -0.605294 -0.3458193 0.7169576 0 -0.1771259 -3.137546 3.135116 1
v 0.7906896 -0.2659749 0.551423 0 0 0.9006982 0.4344452 0 -0.6122173 -0.3435113 0.7121727 0 -0.1894488 -3.136851 3.133676 1
v 0.7853169 -0.2689624 0.5576168 0 0 0.9006982 0.4344452 0 -0.619094 -0.3411772 0.7073336 0 -0.2017573 -3.13611 3.132138 1
v 0.7798845 -0.2719295 0.5637682 0 0 0.9006982 0.4344452 0 -0.6259235 -0.3388171 0.7024406 0 -0.2140503 -3.135321 3.130504 1
v 0.7743926 -0.2748758 0.5698766 0 0 0.9006982 0.4344452 0 -0.6327053 -0.3364312 0.6974941 0 -0.2263271 -3.134487 3.128773 1
v 0.7688418 -0.2778012 0.5759416 0 0 0.9006982 0.4344452 0 -0.639439 -0.3340197 0.6924945 0 -0.2385867 -3.133605 3.126946 1
v 0.7632325 -0.2807055 0.5819627 0 0 0.9006982 0.4344452 0 -0.646124 -0.3315827 0.6874421 0 -0.2508281 -3.132677 3.125023 1
v 0.757565 -0.2835884 0.5879396 0 0 0.9006982 0.4344452 0 -0.6527598 -0.3291205 0.6823374 0 -0.2630503 -3.131703 3.123003 1
v 0.7518398 -0.2864497 0.5938716 0 0 0.9006982 0.4344452 0 -0.6593458 -0.3266332 0.6771808 0 -0.2752526 -3.130683 3.120888 1
v 0.7460574 -0.2892891 0.5997585 0 0 0.9006982 0.4344452 0 -0.6658817 -0.3241211 0.6719726 0 -0.2874339 -3.129616 3.118676 1
v 0.7402181 -0.2921066 0.6055996 0 0 0.9006982 0.4344452 0 -0.6723668 -0.3215842 0.6667132 0 -0.2995932 -3.128503 3.116369 1
v 0.7343225 -0.2949018 0.6113947 0 0 0.9006982 0.4344452 0 -0.6788008 -0.3190229 0.661403 0 -0.3117298 -3.127345 3.113967 1
v 0.728371 -0.2976745 0.6171431 0 0 0.9006982 0.4344452 0 -0.685183 -0.3164373 0.6560424 0 -0.3238427 -3.12614 3.111469 1
v 0.7223639 -0.3004246 0.6228446 0 0 0.9006982 0.4344452 0 -0.6915131 -0.3138276 0.6506319 0 -0.3359308 -3.124889 3.108876 1
v 0.7163019 -0.3031518 0.6284987 0 0 0.9006982 0.4344452 0 -0.6977905 -0.311194 0.6451719 0 -0.3479934 -3.123593 3.106188 1
v 0.7101854 -0.3058559 0.6341048 0 0 0.9006982 0.4344452 0 -0.7040147 -0.3085367 0.6396627 0 -0.3600295 -3.122251 3.103405 1
v 0.7040147 -0.3085367 0.6396627 0 0 0.9006982 0.4344452 0 -0.7101854 -0.3058558 0.6341048 0 -0.3720382 -3.120863 3.100528 1
v 0.6977904 -0.311194 0.6451719 0 0 0.9006982 0.4344452 0 -0.716302 -0.3031517 0.6284986 0 -0.3840186 -3.11943 3.097557 1
v 0.691513 -0.3138276 0.650632 0 0 0.9006982 0.4344452 0 -0.722364 -0.3004246 0.6228446 0 -0.3959697 -3.117951 3.094491 1
v 0.685183 -0.3164373 0.6560425 0 0 0.9006982 0.4344452 0 -0.728371 -0.2976745 0.6171431 0 -0.4078906 -3.116427 3.091332 1
v 0.6788007 -0.3190229 0.661403 0 0 0.9006982 0.4344452 0 -0.7343225 -0.2949018 0.6113946 0 -0.4197805 -3.114858 3.088079 1
v 0.6723668 -0.3215843 0.6667132 0 0 0.9006982 0.4344452 0 -0.7402181 -0.2921066 0.6055996 0 -0.4316384 -3.113244 3.084733 1
v 0.6658816 -0.3241211 0.6719726 0 0 0.9006982 0.4344452 0 -0.7460574 -0.2892891 0.5997584 0 -0.4434634 -3.111585 3.081294 1
v 0.6593458 -0.3266332 0.6771808 0 0 0.9006982 0.4344452 0 -0.7518398 -0.2864496 0.5938716 0 -0.4552547 -3.109882 3.077762 1
v 0.6527597 -0.3291205 0.6823375 0 0 0.9006982 0.4344452 0 -0.757565 -0.2835884 0.5879395 0 -0.4670113 -3.108133 3.074138 1
v 0.646124 -0.3315827 0.6874422 0 0 0.9006982 0.4344452 0 -0.7632325 -0.2807055 0.5819627 0 -0.4787323 -3.106341 3.070421 1
v 0.639439 -0.3340197 0.6924945 0 0 0.9006982 0.4344452 0 -0.7688418 -0.2778012 0.5759416 0 -0.4904169 -3.104503 3.066612 1
v 0.6327053 -0.3364312 0.6974941 0 0 0.9006982 0.4344452 0 -0.7743927 -0.2748758 0.5698766 0 -0.5020642 -3.102622 3.062711 1
v 0.6259235 -0.3388171 0.7024406 0 0 0.9006982 0.4344452 0 -0.7798845 -0.2719295 0.5637682 0 -0.5136732 -3.100697 3.058719 1
v 0.6190939 -0.3411772 0.7073336 0 0 0.9006982 0.4344452 0 -0.7853169 -0.2689624 0.5576168 0 -0.525243 -3.098727 3.054636 1
v 0.6122173 -0.3435113 0.7121727 0 0 0.9006982 0.4344452 0 -0.7906896 -0.2659749 0.551423 0 -0.5367729 -3.096714 3.050463 1
v 0.605294 -0.3458193 0.7169576 0 0 0.9006982 0.4344452 0 -0.796002 -0.2629671 0.5451872 0 -0.5482619 -3.094657 3.046198 1
v 0.5983246 -0.3481009 0.7216879 0 0 0.9006982 0.4344452 0 -0.8012538 -0.2599393 0.5389099 0 -0.5597092 -3.092557 3.041844 1
v 0.5913096 -0.350356 0.7263633 0 0 0.9006982 0.4344452 0 -0.8064446 -0.2568917 0.5325915 0 -0.5711138 -3.090413 3.0374 1
v 0.5842496 -0.3525845 0.7309833 0 0 0.9006982 0.4344452 0 -0.811574 -0.2538245 0.5262326 0 -0.5824749 -3.088226 3.032866 1
v 0.5771452 -0.354786 0.7355476 0 0 0.9006982 0.4344452 0 -0.8166416 -0.250738 0.5198336 0 -0.5937917 -3.085997 3.028243 1
v 0.5699967 -0.3569606 0.740056 0 0 0.9006982 0.4344452 0 -0.821647 -0.2476324 0.5133951 0 -0.6050633 -3.083724 3.023532 1
v 0.5628049 -0.359108 0.7445079 0 0 0.9006982 0.4344452 0 -0.8265898 -0.2445079 0.5069174 0 -0.6162888 -3.081409 3.018732 1
v 0.5555702 -0.361228 0.7489032 0 0 0.9006982 0.4344452 0 -0.8314696 -0.2413648 0.5004011 0 -0.6274673 -3.079051 3.013844 1
v 0.5482932 -0.3633206 0.7532415 0 0 0.9006982 0.4344452 0 -0.8362862 -0.2382034 0.4938467 0 -0.6385981 -3.076651 3.008868 1
v 0.5409745 -0.3653854 0.7575224 0 0 0.9006982 0.4344452 0 -0.841039 -0.2350238 0.4872547 0 -0.6496802 -3.074209 3.003805 1
v 0.5336145 -0.3674224 0.7617456 0 0 0.9006982 0.4344452 0 -0.8457278 -0.2318263 0.4806256 0 -0.6607129 -3.071725 2.998655 1
v 0.5262139 -0.3694315 0.7659108 0 0 0.9006982 0.4344452 0 -0.8503522 -0.2286111 0.4739599 0 -0.6716952 -3.069199 2.993419 1
v 0.5187732 -0.3714124 0.7700176 0 0 0.9006982 0.4344452 0 -0.8549119 -0.2253786 0.4672581 0 -0.6826264 -3.066632 2.988096 1
v 0.5112931 -0.373365 0.7740659 0 0 0.9006982 0.4344452 0 -0.8594064 -0.2221288 0.4605208 0 -0.6935056 -3.064023 2.982688 1
v 0.503774 -0.3752892 0.7780551 0 0 0.9006982 0.4344452 0 -0.8638355 -0.2188622 0.4537483 0 -0.704332 -3.061374 2.977194 1
v 0.4962165 -0.3771849 0.7819852 0 0 0.9006982 0.4344452 0 -0.8681988 -0.2155789 0.4469413 0 -0.7151047 -3.058683 2.971616 1
v 0.4886212 -0.3790517 0.7858556 0 0 0.9006982 0.4344452 0 -0.872496 -0.2122792 0.4401003 0 -0.725823 -3.055951 2.965953 1
v 0.4809887 -0.3808898 0.7896663 0 0 0.9006982 0.4344452 0 -0.8767268 -0.2089633 0.4332257 0 -0.736486 -3.053179 2.960206 1
v 0.4733196 -0.3826988 0.7934168 0 0 0.9006982 0.4344452 0 -0.8808907 -0.2056315 0.4263182 0 -0.747093 -3.050367 2.954375 1
v 0.4656145 -0.3844787 0.7971068 0 0 0.9006982 0.4344452 0 -0.8849876 -0.202284 0.4193782 0 -0.757643 -3.047515 2.948462 1
v 0.4578739 -0.3862293 0.8007362 0 0 0.9006982 0.4344452 0 -0.8890172 -0.1989211 0.4124062 0 -0.7681354 -3.044622 2.942465 1
v 0.4500984 -0.3879505 0.8043046 0 0 0.9006982 0.4344452 0 -0.892979 -0.1955431 0.4054029 0 -0.7785692 -3.04169 2.936386 1
v 0.4422887 -0.3896421 0.8078117 0 0 0.9006982 0.4344452 0 -0.8968728 -0.1921502 0.3983686 0 -0.7889438 -3.038719 2.930226 1
v 0.4344452 -0.3913041 0.8112573 0 0 0.9006982 0.4344452 0 -0.9006982 -0.1887427 0.3913041 0 -0.7992582 -3.035708 2.923984 1
v 0.4265687 -0.3929362 0.8146412 0 0 0.9006982 0.4344452 0 -0.9044552 -0.1853208 0.3842097 0 -0.8095118 -3.032658 2.917662 1
v 0.4186597 -0.3945385 0.817963 0 0 0.9006982 0.4344452 0 -0.9081432 -0.1818847 0.3770861 0 -0.8197038 -3.02957 2.911259 1
v 0.4107188 -0.3961107 0.8212225 0 0 0.9006982 0.4344452 0 -0.9117621 -0.1784348 0.3699337 0 -0.8298333 -3.026443 2.904776 1
v 0.4027467 -0.3976527 0.8244195 0 0 0.9006982 0.4344452 0 -0.9153115 -0.1749714 0.3627532 0 -0.8398997 -3.023278 2.898214 1
v 0.3947438 -0.3991645 0.8275536 0 0 0.9006982 0.4344452 0 -0.9187912 -0.1714946 0.3555451 0 -0.8499021 -3.020075 2.891573 1
v 0.3867109 -0.4006458 0.8306248 0 0 0.9006982 0.4344452 0 -0.922201 -0.1680047 0.3483099 0 -0.8598397 -3.016834 2.884853 1
v 0.3786486 -0.4020967 0.8336327 0 0 0.9006982 0.4344452 0 -0.9255405 -0.1645021 0.3410481 0 -0.8697119 -3.013555 2.878056 1
v 0.3705574 -0.4035169 0.8365771 0 0 0.9006982 0.4344452 0 -0.9288096 -0.1609869 0.3337604 0 -0.8795178 -3.010239 2.871182 1
v 0.362438 -0.4049064 0.8394579 0 0 0.9006982 0.4344452 0 -0.9320079 -0.1574595 0.3264473 0 -0.8892568 -3.006886 2.86423 1
v 0.354291 -0.4062651 0.8422746 0 0 0.9006982 0.4344452 0 -0.9351352 -0.15392 0.3191093 0 -0.8989281 -3.003496 2.857203 1
v 0.346117 -0.4075928 0.8450273 0 0 0.9006982 0.4344452 0 -0.9381913 -0.1503689 0.311747 0 -0.9085308 -3.00007 2.850099 1
v 0.3379167 -0.4088894 0.8477156 0 0 0.9006982 0.4344452 0 -0.941176 -0.1468063 0.304361 0 -0.9180644 -2.996608 2.842921 1
v 0.3296906 -0.410155 0.8503393 0 0 0.9006982 0.4344452 0 -0.944089 -0.1432325 0.2969518 0 -0.9275281 -2.993109 2.835667 1
v 0.3214394 -0.4113893 0.8528983 0 0 0.9006982 0.4344452 0 -0.9469301 -0.1396478 0.2895199 0 -0.9369212 -2.989575 2.82834 1
v 0.3131638 -0.4125923 0.8553923 0 0 0.9006982 0.4344452 0 -0.9496991 -0.1360525 0.2820661 0 -0.9462429 -2.986005 2.820939 1
v 0.3048643 -0.4137638 0.8578212 0 0 0.9006982 0.4344452 0 -0.9523958 -0.1324468 0.2745907 0 -0.9554925 -2.9824 2.813465 1
v 0.2965416 -0.4149039 0.8601848 0 0 0.9006982 0.4344452 0 -0.95502 -0.1288311 0.2670945 0 -0.9646694 -2.97876 2.805919 1
v 0.2881962 -0.4160123 0.8624828 0 0 0.9006982 0.4344452 0 -0.9575714 -0.1252055 0.2595779 0 -0.9737728 -2.975085 2.7983 1
v 0.279829 -0.4170891 0.8647152 0 0 0.9006982 0.4344452 0 -0.9600499 -0.1215704 0.2520415 0 -0.9828021 -2.971376 2.790611 1
v 0.2714404 -0.4181341 0.8668817 0 0 0.9006982 0.4344452 0 -0.9624552 -0.117926 0.2444859 0 -0.9917565 -2.967633 2.782851 1
v 0.2630312 -0.4191473 0.8689823 0 0 0.9006982 0.4344452 0 -0.9647873 -0.1142727 0.2369117 0 -1.000635 -2.963857 2.775021 1
v 0.2546019 -0.4201285 0.8710166 0 0 0.9006982 0.4344452 0 -0.9670459 -0.1106106 0.2293195 0 -1.009438 -2.960046 2.767121 1
v 0.2461533 -0.4210778 0.8729846 0 0 0.9006982 0.4344452 0 -0.9692309 -0.1069401 0.2217098 0 -1.018164 -2.956203 2.759152 1
v 0.2376859 -0.4219949 0.8748861 0 0 0.9006982 0.4344452 0 -0.9713421 -0.1032615 0.2140832 0 -1.026812 -2.952326 2.751115 1
v 0.2292004 -0.42288 0.876721 0 0 0.9006982 0.4344452 0 -0.9733793 -0.09957501 0.2064404 0 -1.035382 -2.948417 2.743011 1
v 0.2206974 -0.4237328 0.8784891 0 0 0.9006982 0.4344452 0 -0.9753423 -0.09588094 0.1987818 0 -1.043873 -2.944475 2.734839 1
v 0.2121777 -0.4245534 0.8801903 0 0 0.9006982 0.4344452 0 -0.9772311 -0.09217957 0.191108 0 -1.052285 -2.940502 2.726601 1
v 0.2036417 -0.4253417 0.8818245 0 0 0.9006982 0.4344452 0 -0.9790455 -0.08847118 0.1834197 0 -1.060617 -2.936496 2.718297 1
v 0.1950903 -0.4260975 0.8833916 0 0 0.9006982 0.4344452 0 -0.9807853 -0.08475605 0.1757175 0 -1.068868 -2.93246 2.709928 1
v 0.186524 -0.4268209 0.8848914 0 0 0.9006982 0.4344452 0 -0.9824504 -0.08103447 0.1680019 0 -1.077037 -2.928392 2.701495 1
v 0.1779435 -0.4275118 0.8863237 0 0 0.9006982 0.4344452 0 -0.9840407 -0.07730672 0.1602734 0 -1.085124 -2.924293 2.692997 1
v 0.1693495 -0.4281701 0.8876886 0 0 0.9006982 0.4344452 0 -0.9855561 -0.07357308 0.1525328 0 -1.093129 -2.920164 2.684437 1
v 0.1607425 -0.4287959 0.8889859 0 0 0.9006982 0.4344452 0 -0.9869964 -0.06983383 0.1447805 0 -1.101051 -2.916005 2.675813 1
v 0.1521234 -0.429389 0.8902155 0 0 0.9006982 0.4344452 0 -0.9883615 -0.06608927 0.1370172 0 -1.108888 -2.911815 2.667128 1
v 0.1434926 -0.4299493 0.8913773 0 0 0.9006982 0.4344452 0 -0.9896514 -0.06233968 0.1292435 0 -1.116642 -2.907597 2.658382 1
v 0.1348509 -0.430477 0.8924712 0 0 0.9006982 0.4344452 0 -0.9908659 -0.05858534 0.12146 0 -1.12431 -2.903349 2.649575 1
v 0.1261989 -0.4309718 0.8934971 0 0 0.9006982 0.4344452 0 -0.992005 -0.05482653 0.1136672 0 -1.131892 -2.899072 2.640708 1
v 0.1175374 -0.4314339 0.894455 0 0 0.9006982 0.4344452 0 -0.9930685 -0.05106355 0.1058657 0 -1.139389 -2.894766 2.631781 1
v 0.1088669 -0.4318631 0.8953448 0 0 0.9006982 0.4344452 0 -0.9940563 -0.04729669 0.09805618 0 -1.146798 -2.890432 2.622797 1
v 0.100188 -0.4322593 0.8961664 0 0 0.9006982 0.4344452 0 -0.9949685 -0.04352622 0.09023919 0 -1.154121 -2.886071 2.613754 1
v 0.0915016 -0.4326227 0.8969198 0 0 0.9006982 0.4344452 0 -0.9958049 -0.03975243 0.08241533 0 -1.161355 -2.881681 2.604654 1
v 0.08280819 -0.4329531 0.8976048 0 0 0.9006982 0.4344452 0 -0.9965655 -0.03597562 0.07458519 0 -1.168501 -2.877265 2.595497 1
v 0.07410847 -0.4332506 0.8982215 0 0 0.9006982 0.4344452 0 -0.9972502 -0.03219607 0.06674937 0 -1.175558 -2.872821 2.586285 1
v 0.06540311 -0.4335151 0.8987698 0 0 0.9006982 0.4344452 0 -0.9978589 -0.02841407 0.05890846 0 -1.182525 -2.868351 2.577018 1
v 0.05669277 -0.4337465 0.8992496 0 0 0.9006982 0.4344452 0 -0.9983917 -0.0246299 0.05106307 0 -1.189403 -2.863855 2.567696 1
v 0.04797811 -0.4339449 0.899661 0 0 0.9006982 0.4344452 0 -0.9988484 -0.02084386 0.0432138 0 -1.19619 -2.859333 2.55832 1
v 0.03925979 -0.4341103 0.9000038 0 0 0.9006982 0.4344452 0 -0.999229 -0.01705623 0.03536123 0 -1.202885 -2.854785 2.548892 1
v 0.03053849 -0.4342426 0.9002782 0 0 0.9006982 0.4344452 0 -0.9995336 -0.0132673 0.02750597 0 -1.209489 -2.850212 2.539411 1
v 0.02181486 -0.4343419 0.9004839 0 0 0.9006982 0.4344452 0 -0.999762 -0.009477364 0.01964861 0 -1.216001 -2.845614 2.529879 1
v 0.01308957 -0.434408 0.9006211 0 0 0.9006982 0.4344452 0 -0.9999143 -0.005686703 0.01178976 0 -1.222421 -2.840992 2.520295 1
v 0.004363287 -0.4344411 0.9006897 0 0 0.9006982 0.4344452 0 -0.9999905 -0.001895609 0.003930005 0 -1.228747 -2.836345 2.510662 1
v -0.004363331 -0.4344411 0.9006897 0 -0 0.9006982 0.4344452 0 -0.9999905 0.001895629 -0.003930045 0 -1.23498 -2.831675 2.50098 1
v -0.01308962 -0.434408 0.9006211 0 -0 0.9006982 0.4344452 0 -0.9999143 0.005686722 -0.0117898 0 -1.241119 -2.826981 2.491248 1
v -0.02181491 -0.4343419 0.9004839 0 -0 0.9006982 0.4344452 0 -0.999762 0.009477383 -0.01964865 0 -1.247163 -2.822264 2.481469 1
v -0.03053854 -0.4342426 0.9002781 0 -0 0.9006982 0.4344452 0 -0.9995336 0.01326732 -0.02750601 0 -1.253112 -2.817525 2.471643 1
v -0.03925984 -0.4341103 0.9000038 0 -0 0.9006982 0.4344452 0 -0.999229 0.01705625 -0.03536127 0 -1.258966 -2.812763 2.46177 1
v -0.04797815 -0.4339449 0.899661 0 -0 0.9006982 0.4344452 0 -0.9988484 0.02084388 -0.04321384 0 -1.264723 -2.807979 2.451852 1
v -0.05669281 -0.4337465 0.8992496 0 -0 0.9006982 0.4344452 0 -0.9983917 0.02462992 -0.05106311 0 -1.270385 -2.803173 2.441889 1
v -0.06540315 -0.4335151 0.8987698 0 -0 0.9006982 0.4344452 0 -0.9978589 0.02841409 -0.0589085 0 -1.27595 -2.798346 2.431882 1
v -0.07410851 -0.4332506 0.8982215 0 -0 0.9006982 0.4344452 0 -0.9972502 0.03219609 -0.06674941 0 -1.281418 -2.793498 2.421831 1
v -0.08280823 -0.4329531 0.8976048 0 -0 0.9006982 0.4344452 0 -0.9965655 0.03597564 -0.07458523 0 -1.286788 -2.78863 2.411738 1
v -0.09150164 -0.4326227 0.8969197 0 -0 0.9006982 0.4344452 0 -0.9958049 0.03975245 -0.08241537 0 -1.29206 -2.783741 2.401603 1
v -0.1001881 -0.4322593 0.8961664 0 -0 0.9006982 0.4344452 0 -0.9949685 0.04352624 -0.09023923 0 -1.297233 -2.778833 2.391427 1
v -0.1088669 -0.4318631 0.8953448 0 -0 0.9006982 0.4344452 0 -0.9940563 0.04729671 -0.09805622 0 -1.302308 -2.773905 2.381211 1
v -0.1175374 -0.4314339 0.894455 0 -0 0.9006982 0.4344452 0 -0.9930685 0.05106357 -0.1058657 0 -1.307284 -2.768958 2.370955 1
v -0.126199 -0.4309718 0.8934971 0 -0 0.9006982 0.4344452 0 -0.9920049 0.05482655 -0.1136672 0 -1.31216 -2.763993 2.36066 1
v -0.134851 -0.430477 0.8924712 0 -0 0.9006982 0.4344452 0 -0.9908659 0.05858536 -0.12146 0 -1.316936 -2.759009 2.350328 1
v -0.1434926 -0.4299493 0.8913773 0 -0 0.9006982 0.4344452 0 -0.9896514 0.0623397 -0.1292436 0 -1.321612 -2.754007 2.339958 1
v -0.1521234 -0.429389 0.8902155 0 -0 0.9006982 0.4344452 0 -0.9883615 0.06608929 -0.1370173 0 -1.326188 -2.748988 2.329552 1
v -0.1607426 -0.4287959 0.8889859 0 -0 0.9006982 0.4344452 0 -0.9869964 0.06983385 -0.1447806 0 -1.330662 -2.743952 2.31911 1
v -0.1693495 -0.4281701 0.8876886 0 -0 0.9006982 0.4344452 0 -0.9855561 0.0735731 -0.1525328 0 -1.335035 -2.738898 2.308634 1
v -0.1779436 -0.4275118 0.8863237 0 -0 0.9006982 0.4344452 0 -0.9840407 0.07730674 -0.1602735 0 -1.339306 -2.733829 2.298124 1
v -0.1865241 -0.4268209 0.8848913 0 -0 0.9006982 0.4344452 0 -0.9824504 0.08103449 -0.1680019 0 -1.343476 -2.728743 2.28758 1
v -0.1950903 -0.4260975 0.8833916 0 -0 0.9006982 0.4344452 0 -0.9807853 0.08475607 -0.1757175 0 -1.347543 -2.723642 2.277004 1
v -0.2036418 -0.4253417 0.8818245 0 -0 0.9006982 0.4344452 0 -0.9790455 0.0884712 -0.1834198 0 -1.351507 -2.718526 2.266397 1
v -0.2121777 -0.4245534 0.8801903 0 -0 0.9006982 0.4344452 0 -0.9772311 0.09217959 -0.1911081 0 -1.355368 -2.713394 2.255759 1
v -0.2206975 -0.4237328 0.8784891 0 -0 0.9006982 0.4344452 0 -0.9753423 0.09588096 -0.1987818 0 -1.359127 -2.708249 2.24509 1
v -0.2292004 -0.42288 0.876721 0 -0 0.9006982 0.4344452 0 -0.9733793 0.09957503 -0.2064404 0 -1.362781 -2.703089 2.234393 1
v -0.2376859 -0.4219949 0.8748861 0 -0 0.9006982 0.4344452 0 -0.9713421 0.1032615 -0.2140833 0 -1.366332 -2.697915 2.223668 1
v -0.2461533 -0.4210778 0.8729846 0 -0 0.9006982 0.4344452 0 -0.9692309 0.1069401 -0.2217099 0 -1.369779 -2.692729 2.212915 1
v -0.254602 -0.4201285 0.8710166 0 -0 0.9006982 0.4344452 0 -0.9670459 0.1106106 -0.2293195 0 -1.373122 -2.687529 2.202135 1
v -0.2630312 -0.4191473 0.8689822 0 -0 0.9006982 0.4344452 0 -0.9647873 0.1142727 -0.2369118 0 -1.37636 -2.682317 2.191329 1
v -0.2714405 -0.4181341 0.8668817 0 -0 0.9006982 0.4344452 0 -0.9624552 0.117926 -0.244486 0 -1.379493 -2.677093 2.180498 1
v -0.279829 -0.4170891 0.8647152 0 -0 0.9006982 0.4344452 0 -0.9600498 0.1215704 -0.2520415 0 -1.382521 -2.671857 2.169644 1
v -0.2881963 -0.4160123 0.8624828 0 -0 0.9006982 0.4344452 0 -0.9575714 0.1252055 -0.2595779 0 -1.385444 -2.66661 2.158765 1
v -0.2965416 -0.4149039 0.8601848 0 -0 0.9006982 0.4344452 0 -0.9550199 0.1288311 -0.2670945 0 -1.388261 -2.661352 2.147864 1
v -0.3048643 -0.4137638 0.8578212 0 -0 0.9006982 0.4344452 0 -0.9523958 0.1324469 -0.2745908 0 -1.390973 -2.656084 2.136942 1
v -0.3131638 -0.4125923 0.8553923 0 -0 0.9006982 0.4344452 0 -0.9496991 0.1360525 -0.2820661 0 -1.393579 -2.650805 2.125998 1
v -0.3214395 -0.4113893 0.8528983 0 -0 0.9006982 0.4344452 0 -0.9469301 0.1396479 -0.28952 0 -1.396078 -2.645517 2.115035 1
v -0.3296907 -0.410155 0.8503393 0 -0 0.9006982 0.4344452 0 -0.944089 0.1432325 -0.2969518 0 -1.398472 -2.64022 2.104052 1
v -0.3379167 -0.4088894 0.8477156 0 -0 0.9006982 0.4344452 0 -0.941176 0.1468063 -0.304361 0 -1.400758 -2.634913 2.093051 1
v -0.3461171 -0.4075928 0.8450273 0 -0 0.9006982 0.4344452 0 -0.9381913 0.1503689 -0.311747 0 -1.402938 -2.629599 2.082032 1
v -0.3542911 -0.406265 0.8422746 0 -0 0.9006982 0.4344452 0 -0.9351352 0.1539201 -0.3191093 0 -1.405012 -2.624276 2.070997 1
v -0.3624381 -0.4049064 0.8394578 0 -0 0.9006982 0.4344452 0 -0.9320079 0.1574595 -0.3264473 0 -1.406978 -2.618945 2.059946 1
v -0.3705575 -0.4035169 0.8365771 0 -0 0.9006982 0.4344452 0 -0.9288095 0.1609869 -0.3337605 0 -1.408837 -2.613608 2.048879 1
v -0.3786486 -0.4020967 0.8336327 0 -0 0.9006982 0.4344452 0 -0.9255405 0.1645021 -0.3410482 0 -1.410589 -2.608263 2.037799 1
v -0.386711 -0.4006458 0.8306248 0 -0 0.9006982 0.4344452 0 -0.922201 0.1680047 -0.3483099 0 -1.412233 -2.602912 2.026705 1
v -0.3947439 -0.3991645 0.8275536 0 -0 0.9006982 0.4344452 0 -0.9187912 0.1714946 -0.3555451 0 -1.41377 -2.597555 2.015599 1
v -0.4027467 -0.3976527 0.8244194 0 -0 0.9006982 0.4344452 0 -0.9153115 0.1749714 -0.3627533 0 -1.415199 -2.592192 2.00448 1
v -0.4107189 -0.3961107 0.8212225 0 -0 0.9006982 0.4344452 0 -0.911762 0.1784349 -0.3699338 0 -1.416521 -2.586824 1.993352 1
v -0.4186598 -0.3945385 0.817963 0 -0 0.9006982 0.4344452 0 -0.9081432 0.1818847 -0.3770861 0 -1.417734 -2.581451 1.982213 1
v -0.4265688 -0.3929362 0.8146412 0 -0 0.9006982 0.4344452 0 -0.9044551 0.1853208 -0.3842097 0 -1.41884 -2.576074 1.971065 1
v -0.4344453 -0.3913041 0.8112573 0 -0 0.9006982 0.4344452 0 -0.9006982 0.1887427 -0.3913041 0 -1.419837 -2.570693 1.959909 1
v -0.4422887 -0.3896421 0.8078117 0 -0 0.9006982 0.4344452 0 -0.8968727 0.1921502 -0.3983687 0 -1.420727 -2.565309 1.948745 1
v -0.4500985 -0.3879505 0.8043046 0 -0 0.9006982 0.4344452 0 -0.8929789 0.1955431 -0.4054029 0 -1.421508 -2.559921 1.937575 1
v -0.4578739 -0.3862293 0.8007362 0 -0 0.9006982 0.4344452 0 -0.8890171 0.1989212 -0.4124062 0 -1.422181 -2.55453 1.926399 1
v -0.4656145 -0.3844787 0.7971068 0 -0 0.9006982 0.4344452 0 -0.8849876 0.202284 -0.4193782 0 -1.422746 -2.549137 1.915218 1
v -0.4733197 -0.3826988 0.7934167 0 -0 0.9006982 0.4344452 0 -0.8808907 0.2056315 -0.4263182 0 -1.423202 -2.543742 1.904034 1
v -0.4809888 -0.3808898 0.7896662 0 -0 0.9006982 0.4344452 0 -0.8767267 0.2089633 -0.4332258 0 -1.42355 -2.538346 1.892846 1
v -0.4886213 -0.3790517 0.7858556 0 -0 0.9006982 0.4344452 0 -0.872496 0.2122792 -0.4401003 0 -1.423789 -2.532948 1.881656 1
v -0.4962165 -0.3771848 0.7819851 0 -0 0.9006982 0.4344452 0 -0.8681988 0.2155789 -0.4469414 0 -1.42392 -2.52755 1.870464 1
v -0.503774 -0.3752892 0.7780551 0 -0 0.9006982 0.4344452 0 -0.8638355 0.2188622 -0.4537484 0 -1.423943 -2.522152 1.859272 1
v -0.5112931 -0.373365 0.7740658 0 -0 0.9006982 0.4344452 0 -0.8594064 0.2221289 -0.4605208 0 -1.423857 -2.516753 1.84808 1
v -0.5187733 -0.3714124 0.7700176 0 -0 0.9006982 0.4344452 0 -0.8549119 0.2253786 -0.4672582 0 -1.423663 -2.511355 1.836889 1
v -0.5262139 -0.3694315 0.7659107 0 -0 0.9006982 0.4344452 0 -0.8503522 0.2286111 -0.47396 0 -1.42336 -2.505958 1.8257 1
v -0.5336145 -0.3674224 0.7617456 0 -0 0.9006982 0.4344452 0 -0.8457278 0.2318263 -0.4806257 0 -1.422949 -2.500563 1.814513 1
v -0.5409745 -0.3653854 0.7575224 0 -0 0.9006982 0.4344452 0 -0.841039 0.2350238 -0.4872548 0 -1.42243 -2.495169 1.803331 1
v -0.5482932 -0.3633205 0.7532415 0 -0 0.9006982 0.4344452 0 -0.8362861 0.2382034 -0.4938468 0 -1.421802 -2.489777 1.792153 1
v -0.5555703 -0.361228 0.7489032 0 -0 0.9006982 0.4344452 0 -0.8314696 0.2413649 -0.5004011 0 -1.421066 -2.484388 1.78098 1
v -0.5628049 -0.359108 0.7445079 0 -0 0.9006982 0.4344452 0 -0.8265897 0.2445079 -0.5069174 0 -1.420222 -2.479002 1.769814 1
v -0.5699968 -0.3569606 0.7400559 0 -0 0.9006982 0.4344452 0 -0.8216469 0.2476324 -0.5133951 0 -1.41927 -2.47362 1.758654 1
v -0.5771452 -0.354786 0.7355476 0 -0 0.9006982 0.4344452 0 -0.8166415 0.250738 -0.5198337 0 -1.418209 -2.468241 1.747503 1
v -0.5842497 -0.3525845 0.7309832 0 -0 0.9006982 0.4344452 0 -0.811574 0.2538245 -0.5262327 0 -1.417041 -2.462866 1.73636 1
v -0.5913097 -0.350356 0.7263632 0 -0 0.9006982 0.4344452 0 -0.8064446 0.2568917 -0.5325916 0 -1.415764 -2.457496 1.725227 1
v -0.5983246 -0.3481009 0.7216879 0 -0 0.9006982 0.4344452 0 -0.8012538 0.2599393 -0.5389099 0 -1.41438 -2.452131 1.714104 1
v -0.605294 -0.3458193 0.7169576 0 -0 0.9006982 0.4344452 0 -0.796002 0.2629671 -0.5451872 0 -1.412888 -2.446772 1.702993 1
v -0.6122173 -0.3435113 0.7121727 0 -0 0.9006982 0.4344452 0 -0.7906896 0.2659749 -0.551423 0 -1.411289 -2.441418 1.691894 1
v -0.619094 -0.3411772 0.7073336 0 -0 0.9006982 0.4344452 0 -0.7853169 0.2689624 -0.5576168 0 -1.409582 -2.436071 1.680808 1
v -0.6259235 -0.3388171 0.7024406 0 -0 0.9006982 0.4344452 0 -0.7798845 0.2719295 -0.5637682 0 -1.407768 -2.43073 1.669735 1
v -0.6327053 -0.3364312 0.6974941 0 -0 0.9006982 0.4344452 0 -0.7743926 0.2748758 -0.5698766 0 -1.405846 -2.425397 1.658678 1
v -0.639439 -0.3340197 0.6924945 0 -0 0.9006982 0.4344452 0 -0.7688418 0.2778012 -0.5759416 0 -1.403817 -2.420071 1.647636 1
v -0.646124 -0.3315827 0.6874421 0 -0 0.9006982 0.4344452 0 -0.7632325 0.2807055 -0.5819627 0 -1.401682 -2.414752 1.63661 1
v -0.6527598 -0.3291205 0.6823374 0 -0 0.9006982 0.4344452 0 -0.757565 0.2835884 -0.5879396 0 -1.39944 -2.409442 1.625601 1
v -0.6593458 -0.3266332 0.6771808 0 -0 0.9006982 0.4344452 0 -0.7518398 0.2864497 -0.5938716 0 -1.397091 -2.404141 1.614611 1
v -0.6658817 -0.3241211 0.6719726 0 -0 0.9006982 0.4344452 0 -0.7460574 0.2892891 -0.5997585 0 -1.394636 -2.398849 1.603639 1
v -0.6723668 -0.3215842 0.6667132 0 -0 0.9006982 0.4344452 0 -0.7402181 0.2921066 -0.6055996 0 -1.392074 -2.393567 1.592687 1
v -0.6788008 -0.3190229 0.661403 0 -0 0.9006982 0.4344452 0 -0.7343225 0.2949018 -0.6113947 0 -1.389407 -2.388294 1.581756 1
v -0.685183 -0.3164373 0.6560424 0 -0 0.9006982 0.4344452 0 -0.728371 0.2976745 -0.6171431 0 -1.386634 -2.383032 1.570846 1
v -0.6915131 -0.3138276 0.6506319 0 -0 0.9006982 0.4344452 0 -0.7223639 0.3004246 -0.6228446 0 -1.383755 -2.37778 1.559958 1
v -0.6977905 -0.311194 0.6451719 0 -0 0.9006982 0.4344452 0 -0.7163019 0.3031518 -0.6284987 0 -1.380771 -2.372539 1.549093 1
v -0.7040147 -0.3085367 0.6396627 0 -0 0.9006982 0.4344452 0 -0.7101854 0.3058559 -0.6341048 0 -1.377681 -2.36731 1.538252 1
v -0.7101854 -0.3058558 0.6341048 0 -0 0.9006982 0.4344452 0 -0.7040147 0.3085367 -0.6396627 0 -1.374487 -2.362093 1.527436 1
v -0.716302 -0.3031517 0.6284986 0 -0 0.9006982 0.4344452 0 -0.6977904 0.311194 -0.6451719 0 -1.371188 -2.356888 1.516645 1
v -0.722364 -0.3004246 0.6228446 0 -0 0.9006982 0.4344452 0 -0.691513 0.3138276 -0.650632 0 -1.367785 -2.351696 1.505881 1
v -0.728371 -0.2976745 0.6171431 0 -0 0.9006982 0.4344452 0 -0.685183 0.3164373 -0.6560425 0 -1.364277 -2.346517 1.495144 1
v -0.7343225 -0.2949018 0.6113946 0 -0 0.9006982 0.4344452 0 -0.6788007 0.3190229 -0.661403 0 -1.360666 -2.341352 1.484435 1
v -0.7402181 -0.2921066 0.6055996 0 -0 0.9006982 0.4344452 0 -0.6723668 0.3215843 -0.6667132 0 -1.356951 -2.3362 1.473754 1
v -0.7460574 -0.2892891 0.5997584 0 -0 0.9006982 0.4344452 0 -0.6658816 0.3241211 -0.6719726 0 -1.353132 -2.331063 1.463103 1
v -0.7518398 -0.2864496 0.5938716 0 -0 0.9006982 0.4344452 0 -0.6593458 0.3266332 -0.6771808 0 -1.349211 -2.32594 1.452483 1
v -0.757565 -0.2835884 0.5879395 0 -0 0.9006982 0.4344452 0 -0.6527597 0.3291205 -0.6823375 0 -1.345187 -2.320833 1.441894 1
v -0.7632325 -0.2807055 0.5819627 0 -0 0.9006982 0.4344452 0 -0.646124 0.3315827 -0.6874422 0 -1.34106 -2.31574 1.431337 1
v -0.7688418 -0.2778012 0.5759416 0 -0 0.9006982 0.4344452 0 -0.639439 0.3340197 -0.6924945 0 -1.336831 -2.310664 1.420813 1
v -0.7743927 -0.2748758 0.5698766 0 -0 0.9006982 0.4344452 0 -0.6327053 0.3364312 -0.6974941 0 -1.332501 -2.305604 1.410322 1
v -0.7798845 -0.2719295 0.5637682 0 -0 0.9006982 0.4344452 0 -0.6259235 0.3388171 -0.7024406 0 -1.328069 -2.300561 1.399866 1
v -0.7853169 -0.2689624 0.5576168 0 -0 0.9006982 0.4344452 0 -0.6190939 0.3411772 -0.7073336 0 -1.323536 -2.295534 1.389445 1
v -0.7906896 -0.2659749 0.551423 0 -0 0.9006982 0.4344452 0 -0.6122173 0.3435113 -0.7121727 0 -1.318902 -2.290525 1.37906 1
v -0.796002 -0.2629671 0.5451872 0 -0 0.9006982 0.4344452 0 -0.605294 0.3458193 -0.7169576 0 -1.314167 -2.285534 1.368712 1
v -0.8012538 -0.2599393 0.5389099 0 -0 0.9006982 0.4344452 0 -0.5983246 0.3481009 -0.7216879 0 -1.309333 -2.28056 1.358401 1
v -0.8064446 -0.2568917 0.5325915 0 -0 0.9006982 0.4344452 0 -0.5913096 0.350356 -0.7263633 0 -1.304399 -2.275606 1.348129 1
v -0.811574 -0.2538245 0.5262326 0 -0 0.9006982 0.4344452 0 -0.5842496 0.3525845 -0.7309833 0 -1.299365 -2.27067 1.337896 1
v -0.8166416 -0.250738 0.5198336 0 -0 0.9006982 0.4344452 0 -0.5771452 0.354786 -0.7355476 0 -1.294233 -2.265753 1.327703 1
v -0.821647 -0.2476324 0.5133951 0 -0 0.9006982 0.4344452 0 -0.5699967 0.3569606 -0.740056 0 -1.289002 -2.260857 1.317551 1
v -0.8265898 -0.2445079 0.5069174 0 -0 0.9006982 0.4344452 0 -0.5628049 0.359108 -0.7445079 0 -1.283673 -2.25598 1.30744 1
v -0.8314696 -0.2413648 0.5004011 0 -0 0.9006982 0.4344452 0 -0.5555702 0.361228 -0.7489032 0 -1.278246 -2.251123 1.297371 1
v -0.8362862 -0.2382034 0.4938467 0 -0 0.9006982 0.4344452 0 -0.5482932 0.3633206 -0.7532415 0 -1.272721 -2.246288 1.287346 1
v -0.841039 -0.2350238 0.4872547 0 -0 0.9006982 0.4344452 0 -0.5409745 0.3653854 -0.7575224 0 -1.2671 -2.241473 1.277364 1
v -0.8457278 -0.2318263 0.4806256 0 -0 0.9006982 0.4344452 0 -0.5336145 0.3674224 -0.7617456 0 -1.261382 -2.23668 1.267427 1
v -0.8503522 -0.2286111 0.4739599 0 -0 0.9006982 0.4344452 0 -0.5262139 0.3694315 -0.7659108 0 -1.255569 -2.231909 1.257535 1
v -0.8549119 -0.2253786 0.4672581 0 -0 0.9006982 0.4344452 0 -0.5187732 0.3714124 -0.7700176 0 -1.249659 -2.22716 1.24769 1
v -0.8594064 -0.2221288 0.4605208 0 -0 0.9006982 0.4344452 0 -0.5112931 0.373365 -0.7740659 0 -1.243655 -2.222433 1.237891 1
v -0.8638355 -0.2188622 0.4537483 0 -0 0.9006982 0.4344452 0 -0.503774 0.3752892 -0.7780551 0 -1.237555 -2.21773 1.22814 1
v -0.8681988 -0.2155789 0.4469413 0 -0 0.9006982 0.4344452 0 -0.4962165 0.3771849 -0.7819852 0 -1.231362 -2.21305 1.218437 1
v -0.872496 -0.2122792 0.4401003 0 -0 0.9006982 0.4344452 0 -0.4886212 0.3790517 -0.7858556 0 -1.225075 -2.208393 1.208783 1
v -0.8767268 -0.2089633 0.4332257 0 -0 0.9006982 0.4344452 0 -0.4809887 0.3808898 -0.7896663 0 -1.218694 -2.203761 1.199178 1
v -0.8808907 -0.2056315 0.4263182 0 -0 0.9006982 0.4344452 0 -0.4733196 0.3826988 -0.7934168 0 -1.212221 -2.199152 1.189625 1
v -0.8849876 -0.202284 0.4193782 0 -0 0.9006982 0.4344452 0 -0.4656145 0.3844787 -0.7971068 0 -1.205655 -2.194569 1.180122 1
v -0.8890172 -0.1989211 0.4124062 0 -0 0.9006982 0.4344452 0 -0.4578739 0.3862293 -0.8007362 0 -1.198998 -2.190011 1.170672 1
v -0.892979 -0.1955431 0.4054029 0 -0 0.9006982 0.4344452 0 -0.4500984 0.3879505 -0.8043046 0 -1.192249 -2.185478 1.161274 1
v -0.8968728 -0.1921502 0.3983686 0 -0 0.9006982 0.4344452 0 -0.4422887 0.3896421 -0.8078117 0 -1.185409 -2.180971 1.15193 1
v -0.9006982 -0.1887427 0.3913041 0 -0 0.9006982 0.4344452 0 -0.4344452 0.3913041 -0.8112573 0 -1.178479 -2.176489 1.14264 1
v -0.9044552 -0.1853208 0.3842097 0 -0 0.9006982 0.4344452 0 -0.4265687 0.3929362 -0.8146412 0 -1.17146 -2.172035 1.133404 1
v -0.9081432 -0.1818847 0.3770861 0 -0 0.9006982 0.4344452 0 -0.4186597 0.3945385 -0.817963 0 -1.164351 -2.167607 1.124224 1
v -0.9117621 -0.1784348 0.3699337 0 -0 0.9006982 0.4344452 0 -0.4107188 0.3961107 -0.8212225 0 -1.157153 -2.163206 1.115101 1
v -0.9153115 -0.1749714 0.3627532 0 -0 0.9006982 0.4344452 0 -0.4027467 0.3976527 -0.8244195 0 -1.149868 -2.158833 1.106034 1
v -0.9187912 -0.1714946 0.3555451 0 -0 0.9006982 0.4344452 0 -0.3947438 0.3991645 -0.8275536 0 -1.142494 -2.154488 1.097025 1
v -0.922201 -0.1680047 0.3483099 0 -0 0.9006982 0.4344452 0 -0.3867109 0.4006458 -0.8306248 0 -1.135034 -2.15017 1.088074 1
v -0.9255405 -0.1645021 0.3410481 0 -0 0.9006982 0.4344452 0 -0.3786486 0.4020967 -0.8336327 0 -1.127488 -2.145881 1.079182 1
v -0.9288096 -0.1609869 0.3337604 0 -0 0.9006982 0.4344452 0 -0.3705574 0.4035169 -0.8365771 0 -1.119855 -2.141621 1.07035 1
v -0.9320079 -0.1574595 0.3264473 0 -0 0.9006982 0.4344452 0 -0.362438 0.4049064 -0.8394579 0 -1.112137 -2.13739 1.061578 1
v -0.9351352 -0.15392 0.3191093 0 -0 0.9006982 0.4344452 0 -0.354291 0.4062651 -0.8422746 0 -1.104335 -2.133188 1.052867 1
v -0.9381913 -0.1503689 0.311747 0 -0 0.9006982 0.4344452 0 -0.346117 0.4075928 -0.8450273 0 -1.096448 -2.129017 1.044218 1
v -0.941176 -0.1468063 0.304361 0 -0 0.9006982 0.4344452 0 -0.3379167 0.4088894 -0.8477156 0 -1.088478 -2.124875 1.035631 1
v -0.944089 -0.1432325 0.2969518 0 -0 0.9006982 0.4344452 0 -0.3296906 0.410155 -0.8503393 0 -1.080425 -2.120763 1.027107 1
v -0.9469301 -0.1396478 0.2895199 0 -0 0.9006982 0.4344452 0 -0.3214394 0.4113893 -0.8528983 0 -1.07229 -2.116682 1.018647 1
v -0.9496991 -0.1360525 0.2820661 0 -0 0.9006982 0.4344452 0 -0.3131638 0.4125923 -0.8553923 0 -1.064073 -2.112633 1.010251 1
v -0.9523958 -0.1324468 0.2745907 0 -0 0.9006982 0.4344452 0 -0.3048643 0.4137638 -0.8578212 0 -1.055775 -2.108614 1.00192 1
v -0.95502 -0.1288311 0.2670945 0 -0 0.9006982 0.4344452 0 -0.2965416 0.4149039 -0.8601848 0 -1.047397 -2.104627 0.9936541 1
v -0.9575714 -0.1252055 0.2595779 0 -0 0.9006982 0.4344452 0 -0.2881962 0.4160123 -0.8624828 0 -1.038939 -2.100672 0.9854547 1
v -0.9600499 -0.1215704 0.2520415 0 -0 0.9006982 0.4344452 0 -0.279829 0.4170891 -0.8647152 0 -1.030401 -2.09675 0.9773221 1
v -0.9624552 -0.117926 0.2444859 0 -0 0.9006982 0.4344452 0 -0.2714404 0.4181341 -0.8668817 0 -1.021786 -2.09286 0.9692569 1
v -0.9647873 -0.1142727 0.2369117 0 -0 0.9006982 0.4344452 0 -0.2630312 0.4191473 -0.8689823 0 -1.013092 -2.089002 0.9612597 1
v -0.9670459 -0.1106106 0.2293195 0 -0 0.9006982 0.4344452 0 -0.2546019 0.4201285 -0.8710166 0 -1.004322 -2.085178 0.9533311 1
v -0.9692309 -0.1069401 0.2217098 0 -0 0.9006982 0.4344452 0 -0.2461533 0.4210778 -0.8729846 0 -0.9954744 -2.081387 0.9454718 1
v -0.9713421 -0.1032615 0.2140832 0 -0 0.9006982 0.4344452 0 -0.2376859 0.4219949 -0.8748861 0 -0.9865515 -2.07763 0.9376823 1
v -0.9733793 -0.09957501 0.2064404 0 -0 0.9006982 0.4344452 0 -0.2292004 0.42288 -0.876721 0 -0.9775534 -2.073907 0.9299632 1
v -0.9753423 -0.09588094 0.1987818 0 -0 0.9006982 0.4344452 0 -0.2206974 0.4237328 -0.8784891 0 -0.9684809 -2.070218 0.9223152 1
v -0.9772311 -0.09217957 0.191108 0 -0 0.9006982 0.4344452 0 -0.2121777 0.4245534 -0.8801903 0 -0.9593346 -2.066563 0.9147388 1
v -0.9790455 -0.08847118 0.1834197 0 -0 0.9006982 0.4344452 0 -0.2036417 0.4253417 -0.8818245 0 -0.9501153 -2.062944 0.9072345 1
v -0.9807853 -0.08475605 0.1757175 0 -0 0.9006982 0.4344452 0 -0.1950903 0.4260975 -0.8833916 0 -0.9408236 -2.059359 0.899803 1
v -0.9824504 -0.08103447 0.1680019 0 -0 0.9006982 0.4344452 0 -0.186524 0.4268209 -0.8848914 0 -0.9314603 -2.05581 0.8924448 1
v -0.9840407 -0.07730672 0.1602734 0 -0 0.9006982 0.4344452 0 -0.1779435 0.4275118 -0.8863237 0 -0.922026 -2.052296 0.8851605 1
